Number,Age,Sex,Family number,Auto isolation,Careful factor,Social distance factor,Death risk factor,Symptomatic,Severe illness,Urban area
0,53,Female,0,False,0.9729834505152062,1.0352881579807747,1.4318367346938774,False,False,A
1,15,Male,0,False,1.065750147607462,0.9824348888652495,1.0,False,False,A
2,92,Female,0,False,1.1155482107076182,1.0265721848267104,4.137959183673469,False,False,A
3,27,Female,1,False,0.927836777661134,0.9193829623244723,1.0,False,False,B
4,85,Female,1,False,0.9050644179121647,1.0186656382246253,3.4693877551020407,False,False,B
5,40,Male,2,False,0.9629306687455581,0.9307453177002459,1.0816326530612244,False,False,A
6,68,Female,2,False,1.1000515147858492,1.015375931806017,2.178775510204081,False,False,A
7,53,Female,3,False,0.9992208472514409,1.0023577326236695,1.4318367346938774,False,False,A
8,43,Male,4,False,1.062786098110625,0.9790249626655279,1.137959183673469,False,False,A
9,91,Male,4,False,0.9291455793698721,1.0050680343542369,4.037551020408164,False,False,A
10,93,Male,4,False,0.9328918349057433,1.1658914603852968,4.239999999999999,False,False,A
11,10,Female,4,False,1.1034322574800897,1.0501426126833018,1.0,False,False,A
12,21,Male,5,False,1.0577727776410688,0.9715302513857795,1.0,False,False,A
13,30,Female,6,False,0.9481781631157149,1.0089381621440148,1.0,False,False,A
14,51,Male,6,False,0.9883803704668266,1.0674932030722657,1.3599999999999999,False,False,A
15,44,Female,7,False,0.8715700364722954,1.1038824470574577,1.16,False,False,B
16,26,Female,7,False,0.9209384373457039,1.0336908776014244,1.0,False,False,B
17,20,Female,8,False,1.1424074151061934,0.89833807207256,1.0,False,False,B
18,20,Male,8,False,0.9220862287393353,1.0696558392459647,1.0,False,False,B
19,36,Female,8,False,1.1787622861298923,0.8885863401305285,1.0293877551020405,False,False,B
20,74,Female,9,False,0.9581228485217278,1.0663195666951948,2.580408163265306,False,False,A
21,48,Female,9,False,1.1012406354479725,1.0082203516073498,1.2644897959183672,False,False,A
22,55,Female,10,False,0.8135736393915239,1.0390215486320642,1.510204081632653,False,False,A
23,58,Female,10,False,1.0017459869628225,0.8933950481716999,1.6399999999999997,False,False,A
24,40,Female,11,False,0.960762299706533,1.0268413019664715,1.0816326530612244,False,False,A
25,52,Female,12,False,1.0713194012164218,1.1240410995589079,1.3951020408163264,False,False,B
26,41,Female,13,False,0.9930322919062032,0.8910141698375951,1.0987755102040815,False,False,A
27,69,Female,13,False,0.9717031773488645,1.052703872461152,2.2416326530612243,False,False,A
28,29,Female,14,False,0.8604746905804451,0.8392091134676936,1.0,False,False,A
29,50,Female,14,False,1.0387508016647349,1.1919386978132147,1.3265306122448979,False,False,A
30,51,Female,15,False,1.0870258367885466,0.975380083479751,1.3599999999999999,False,False,A
31,22,Male,15,False,0.9044908131083669,1.0392694005231022,1.0,False,False,A
32,26,Male,16,False,1.0535025411908703,0.8900664376367478,1.0,False,False,B
33,13,Male,16,False,0.9034746915265821,0.978210632703423,1.0,False,False,B
34,18,Male,17,False,1.0376156519975823,0.8605724293055841,1.0,False,False,A
35,68,Male,17,False,1.108827194508353,0.9839808807933988,2.178775510204081,False,False,A
36,73,Female,17,False,0.9229156182747601,0.9165928240489403,2.5093877551020407,False,False,A
37,24,Female,18,False,1.1031024442418593,1.155755845686824,1.0,False,False,A
38,38,Female,18,False,1.0969968754529569,1.0468729521602826,1.0522448979591836,False,False,A
39,80,Male,18,False,0.9855806334490779,0.9965931539940831,3.0408163265306123,False,False,A
40,33,Female,19,False,1.1079786668582463,0.8822227969625978,1.00734693877551,False,False,B
41,48,Male,19,False,0.9497491826517833,1.060450788979841,1.2644897959183672,False,False,B
42,17,Female,19,False,1.0234396809723718,1.0049059450324185,1.0,False,False,B
43,77,Male,20,False,0.8833603449332659,1.037985610664826,2.8032653061224484,False,False,B
44,49,Female,20,False,0.9888041701695194,0.9961140359635261,1.29469387755102,False,False,B
45,10,Female,21,False,1.0479270917352128,0.9376791295122209,1.0,False,False,A
46,11,Male,21,False,0.9977570707990908,1.0523865645439843,1.0,False,False,A
47,50,Male,21,False,0.9047171755526157,1.0045562090061428,1.3265306122448979,False,False,A
48,26,Female,21,False,0.9250142193983104,1.0805174107079187,1.0,False,False,A
49,36,Female,22,False,1.019645035785802,1.0020919477391692,1.0293877551020405,False,False,A
50,42,Male,22,False,1.0285771722774086,1.110697749184896,1.117551020408163,False,False,A
51,33,Male,22,False,1.018645191595027,0.8335941939530064,1.00734693877551,False,False,A
52,63,Male,23,False,1.002042397903375,0.918777385787475,1.8889795918367347,False,False,B
53,42,Female,24,False,0.865405499166781,1.0106465251716896,1.117551020408163,False,False,A
54,29,Male,24,False,0.8919796058447228,0.8926025695302972,1.0,False,False,A
55,52,Female,25,False,0.9602471651194198,0.9519080032182823,1.3951020408163264,False,False,A
56,77,Female,25,False,1.1715666803619345,1.1443201959548954,2.8032653061224484,False,False,A
57,19,Female,26,False,1.1646827544531249,1.0812495953152168,1.0,False,False,A
58,48,Female,26,False,1.126217547882706,1.0853112813413062,1.2644897959183672,False,False,A
59,65,Female,27,False,0.902394016504308,0.9003988262023229,1.9999999999999996,False,False,A
60,61,Male,27,False,0.8862155718522782,1.0053708625530475,1.784489795918367,False,False,A
61,45,Female,27,False,1.0703851699796425,1.1082304487615442,1.1836734693877549,False,False,A
62,33,Male,28,False,1.1469102718803867,1.0829549709107995,1.00734693877551,False,False,B
63,16,Male,28,False,1.0033849347458266,0.9650563103885532,1.0,False,False,B
64,32,Male,29,False,1.0893267262735788,1.01474534380326,1.0032653061224488,False,False,A
65,28,Male,29,False,0.8995249425292138,0.8760115083399835,1.0,False,False,A
66,52,Female,30,False,1.041876295779732,1.0000845878068048,1.3951020408163264,False,False,A
67,27,Female,30,False,1.0289031597399663,1.071667898765544,1.0,False,False,A
68,9,Female,31,False,0.936484112549085,1.0123374078015908,1.0,False,False,A
69,81,Male,31,False,0.8877975710528561,1.1059475934840897,3.1232653061224482,False,False,A
70,22,Male,32,False,0.9682356094798498,0.9945915709812219,1.0,False,False,B
71,79,Female,32,False,0.9042956383099839,0.9368572921488504,2.96,False,False,B
72,28,Male,32,False,1.0560988519431864,1.0184542087018,1.0,False,False,B
73,32,Male,33,False,0.8579228740135796,1.1146079474669057,1.0032653061224488,False,False,A
74,39,Female,34,False,1.10769868587594,0.9710204584274843,1.0661224489795915,False,False,B
75,22,Male,34,False,1.082426530832488,0.8927279740718583,1.0,False,False,B
76,65,Male,34,False,1.1584914831845403,0.9819629045537053,1.9999999999999996,False,False,B
77,31,Female,35,False,1.0477019472758697,1.017343407873366,1.000816326530612,False,False,A
78,77,Male,35,False,0.8574008839586718,1.0019358465002217,2.8032653061224484,False,False,A
79,40,Female,35,False,0.9517833607978038,0.8820289984028284,1.0816326530612244,False,False,A
80,32,Female,36,False,1.0925245626501452,0.8986319870462871,1.0032653061224488,False,False,A
81,49,Female,37,False,0.9267822886708467,0.9297745198684096,1.29469387755102,False,False,A
82,28,Female,37,False,0.9683154734099422,1.0867505191114526,1.0,False,False,A
83,38,Male,37,False,0.9655662099287214,0.9577375101883394,1.0522448979591836,False,False,A
84,16,Female,37,False,1.0657067386706582,0.8970844408480902,1.0,False,False,A
85,67,Male,38,False,1.1167142392431764,0.9437723875385979,2.117551020408163,False,False,A
86,13,Male,38,False,0.9675312359885435,0.9723963437983656,1.0,False,False,A
87,27,Female,38,False,1.0860452768397884,1.097583147950479,1.0,False,False,A
88,15,Female,39,False,0.8815894478539903,0.9202741674879128,1.0,False,False,A
89,7,Male,40,False,1.1734946984486665,0.8999181187864551,1.0,False,False,A
90,22,Female,40,False,0.885470321908043,0.9586285817961953,1.0,False,False,A
91,40,Female,41,False,0.9840371216128497,0.9387999979738102,1.0816326530612244,False,False,A
92,35,Female,41,False,0.9954737165298942,1.0287694825791074,1.020408163265306,False,False,A
93,10,Male,42,False,1.1429974908338323,0.9635427138437518,1.0,False,False,B
94,31,Male,42,False,0.969005153473857,1.0325680875362993,1.000816326530612,False,False,B
95,11,Female,42,False,0.9553756548819852,1.0827637481474635,1.0,False,False,B
96,69,Male,43,False,1.0416949196697498,0.900352048520973,2.2416326530612243,False,False,B
97,19,Female,43,False,1.0198659512140578,1.0007304718680174,1.0,False,False,B
98,33,Female,43,False,1.0033907883916477,0.919416682595795,1.00734693877551,False,False,B
99,29,Female,43,False,0.8630634779683263,0.9307327781155347,1.0,False,False,B
100,21,Female,44,False,0.9565105638435378,1.0357234868751335,1.0,False,False,B
101,54,Male,44,False,1.11358631090144,1.0751375551552353,1.470204081632653,False,False,B
102,42,Male,45,False,0.836286355839787,0.8742264799369883,1.117551020408163,False,False,A
103,23,Male,46,False,0.9085994388550918,0.8516047913429271,1.0,False,False,B
104,42,Female,46,False,1.0211397567932399,1.004055472205914,1.117551020408163,False,False,B
105,85,Female,47,False,0.9767929823020445,0.9198352165223156,3.4693877551020407,False,False,A
106,53,Female,47,False,0.8951288242499268,0.9843075747896314,1.4318367346938774,False,False,A
107,25,Male,48,False,1.059907941658795,1.0568706011988456,1.0,False,False,A
108,41,Male,48,False,1.1126133873632589,1.0020088322565326,1.0987755102040815,False,False,A
109,9,Female,49,False,0.9832432352172424,1.0164620282289176,1.0,False,False,B
110,62,Male,49,False,0.8592032030293022,1.088552265573113,1.8359183673469386,False,False,B
111,38,Male,49,False,1.0040276927684533,0.9485002835573526,1.0522448979591836,False,False,B
112,22,Male,50,False,1.0959994242302906,1.0533598933424537,1.0,False,False,A
113,86,Male,50,False,1.0226378470438953,1.0077564373699672,3.5599999999999996,False,False,A
114,13,Male,50,False,1.015233964402554,1.0214167550777313,1.0,False,False,A
115,48,Female,51,False,1.04404570280635,0.905402207700362,1.2644897959183672,False,False,B
116,48,Male,51,False,1.1232905207130486,0.9479432565051318,1.2644897959183672,False,False,B
117,81,Female,51,False,0.9804214558459228,1.0207430304195437,3.1232653061224482,False,False,B
118,53,Male,52,False,1.152482548921226,1.0451648645413962,1.4318367346938774,False,False,A
119,83,Male,52,False,0.9474013966265593,1.0351392845736354,3.2930612244897954,False,False,A
120,60,Female,52,False,1.102493182736216,0.9837381156102172,1.7346938775510203,False,False,A
121,16,Male,52,False,0.8611108766327235,0.983679830679157,1.0,False,False,A
122,47,Female,53,False,0.9596209260930073,1.0743185165558307,1.2359183673469387,False,False,B
123,32,Female,53,False,0.9638381569506077,0.8941424281268037,1.0032653061224488,False,False,B
124,12,Male,53,False,1.0783141402852479,0.9514964147120182,1.0,False,False,B
125,74,Female,54,False,0.9806680573045565,1.1223654043341067,2.580408163265306,False,False,B
126,23,Male,55,False,1.052913592128749,1.1622952461658462,1.0,False,False,A
127,28,Male,55,False,0.962012373435066,1.1293580585041134,1.0,False,False,A
128,59,Male,56,False,1.072071711287756,0.9799555514681249,1.6865306122448978,False,False,A
129,83,Male,56,False,0.9047225434541233,0.8950844879336908,3.2930612244897954,False,False,A
130,28,Female,57,False,0.9404834706410043,0.8993106857489636,1.0,False,False,A
131,11,Male,57,False,1.112499575129179,0.9993693716006183,1.0,False,False,A
132,27,Male,57,False,1.047996040863458,0.9221058405452146,1.0,False,False,A
133,60,Male,57,False,0.9403988680327524,1.0692680825654426,1.7346938775510203,False,False,A
134,68,Male,58,False,1.068928722896966,0.9653790158840179,2.178775510204081,False,False,B
135,24,Female,58,False,0.9318554926694854,1.0152722118041837,1.0,False,False,B
136,31,Female,58,False,0.9769222452655884,1.0233003319808995,1.000816326530612,False,False,B
137,76,Male,59,False,1.0130343259663777,0.8689304704208121,2.7273469387755105,False,False,B
138,45,Male,59,False,0.980331491653407,1.0435603517508203,1.1836734693877549,False,False,B
139,15,Male,59,False,1.154727161279072,1.0837593295604508,1.0,False,False,B
140,34,Male,59,False,0.9637460153091821,1.0943930330546532,1.0130612244897956,False,False,B
141,71,Female,60,False,0.9290372099718149,0.9203460388443085,2.3722448979591833,False,False,A
142,31,Female,61,False,1.042096034990097,0.9635022586882658,1.000816326530612,False,False,A
143,44,Male,61,False,0.953539574790412,0.9082520689240904,1.16,False,False,A
144,47,Male,62,False,1.1289262204218207,0.9349898394557795,1.2359183673469387,False,False,A
145,53,Female,62,False,1.173399854115962,1.0229173462945897,1.4318367346938774,False,False,A
146,45,Female,62,False,1.0458851451005091,0.9785354256922357,1.1836734693877549,False,False,A
147,62,Male,63,False,0.9086750866279949,0.9426522935841507,1.8359183673469386,False,False,A
148,56,Female,63,False,1.1251666950908958,1.0018949715952257,1.5518367346938775,False,False,A
149,33,Female,64,False,1.055393238633927,1.0632846549935289,1.00734693877551,False,False,B
150,21,Male,64,False,0.9677646897629288,0.9474841528912862,1.0,False,False,B
151,62,Male,64,False,0.9845327782872808,0.9755406239080759,1.8359183673469386,False,False,B
152,5,Female,65,False,0.9544434197956546,1.0233415491810711,1.0,False,False,B
153,91,Male,66,False,0.9100463479838479,0.9615978289116076,4.037551020408164,False,False,A
154,56,Female,67,False,0.9644976312909375,0.9252882927030881,1.5518367346938775,False,False,A
155,37,Female,67,False,0.96161372663243,1.028671305083063,1.0399999999999998,False,False,A
156,65,Male,67,False,0.9598506124956627,1.0461122106299277,1.9999999999999996,False,False,A
157,4,Male,67,False,1.0667579257884592,0.9197956428206642,1.0,False,False,A
158,38,Male,68,False,0.963176381045634,1.016117486193995,1.0522448979591836,False,False,B
159,52,Female,68,False,0.9001159733719241,1.1137362823761976,1.3951020408163264,False,False,B
160,12,Male,69,False,0.9356488805298038,1.1553575822011475,1.0,False,False,A
161,47,Female,69,False,0.9564585944058349,1.139311833880399,1.2359183673469387,False,False,A
162,72,Male,70,False,1.1196163516383082,0.9854682763485317,2.4399999999999995,False,False,B
163,42,Male,70,False,1.0560400086772335,1.005864631761424,1.117551020408163,False,False,B
164,31,Female,70,False,0.9243001888626039,0.8695058130470141,1.000816326530612,False,False,B
165,44,Female,70,False,1.0062151710839806,1.137595625892068,1.16,False,False,B
166,68,Female,71,False,1.0332559117383213,1.0399855130259368,2.178775510204081,False,False,A
167,12,Male,72,False,1.0936226976578152,1.0555641009998629,1.0,False,False,B
168,52,Female,72,False,1.1319488779744353,1.0520254001547902,1.3951020408163264,False,False,B
169,30,Male,72,False,0.9845020972209475,1.0907651222003394,1.0,False,False,B
170,57,Female,73,False,0.9100938951498843,0.9859375475820066,1.5951020408163266,False,False,A
171,86,Male,73,False,0.9416748190630783,0.96947651112938,3.5599999999999996,False,False,A
172,39,Male,74,False,1.0269214752754725,1.1293920405636526,1.0661224489795915,False,False,A
173,44,Male,74,False,1.0052815996889055,0.9026675886736996,1.16,False,False,A
174,1,Female,75,False,1.126094353835201,1.0208456869659102,1.0,False,False,B
175,32,Female,75,False,0.922381794916395,1.068234613111614,1.0032653061224488,False,False,B
176,76,Female,76,False,0.9457167159143892,1.0035815487804387,2.7273469387755105,False,False,A
177,70,Female,76,False,1.0055294438894697,1.0740933728295166,2.3061224489795915,False,False,A
178,58,Male,77,False,1.0454411213396462,0.9948442567363871,1.6399999999999997,False,False,B
179,88,Male,77,False,0.9942893664104536,1.0260010434155982,3.746122448979592,False,False,B
180,50,Female,78,False,0.9284226882544243,0.9997040512046915,1.3265306122448979,False,False,A
181,61,Female,78,False,1.0826101798133319,0.9859840587568341,1.784489795918367,False,False,A
182,30,Female,78,False,0.9315982501812815,0.8913679509986844,1.0,False,False,A
183,33,Female,78,False,0.81575367375906,0.8904574318602954,1.00734693877551,False,False,A
184,52,Female,79,False,1.0538729673229792,1.0245305399667264,1.3951020408163264,False,False,B
185,17,Female,79,False,1.0685260572602688,0.9833969824270975,1.0,False,False,B
186,84,Female,80,False,1.1692405156159156,0.926795545337432,3.3804081632653054,False,False,B
187,47,Male,80,False,1.0072701226854899,1.0146832532411911,1.2359183673469387,False,False,B
188,28,Female,81,False,1.0725260698657066,0.9464204356226449,1.0,False,False,A
189,48,Male,81,False,1.1164389910281791,0.8938089992505284,1.2644897959183672,False,False,A
190,41,Male,82,False,1.019103447988279,0.9961887878105398,1.0987755102040815,False,False,A
191,37,Male,82,False,0.9274768307747108,1.0153859693113039,1.0399999999999998,False,False,A
192,48,Female,83,False,1.0198278892340686,1.077974696881845,1.2644897959183672,False,False,B
193,21,Male,83,False,0.9818994364643645,1.111126567497521,1.0,False,False,B
194,68,Female,83,False,0.8749565705857776,1.0265999205187983,2.178775510204081,False,False,B
195,46,Female,84,False,1.015189985809273,0.96782113325635,1.2089795918367343,False,False,B
196,63,Female,84,False,1.0690939456852007,0.964855752140444,1.8889795918367347,False,False,B
197,36,Male,84,False,0.9334367579785094,1.1019411458649009,1.0293877551020405,False,False,B
198,79,Female,85,False,1.0874790539072539,1.0172077191960194,2.96,False,False,B
199,15,Male,85,False,0.9664116216926939,0.9404408874853324,1.0,False,False,B
200,29,Male,85,False,1.1267651814734179,0.902880465944732,1.0,False,False,B
201,16,Female,86,False,1.0271560323688191,0.9255687310003092,1.0,False,False,A
202,53,Female,87,False,1.117551696024638,1.0068773521646515,1.4318367346938774,False,False,B
203,58,Male,87,False,1.0234086971927767,1.0232652962730089,1.6399999999999997,False,False,B
204,79,Female,88,False,1.1324206773782644,1.1124271811585102,2.96,False,False,B
205,38,Male,88,False,1.1176806318927213,1.0015343458871926,1.0522448979591836,False,False,B
206,54,Female,88,False,1.052908459047286,1.1283154964793103,1.470204081632653,False,False,B
207,64,Female,89,False,1.1432269795542604,1.0606371891176416,1.9436734693877549,False,False,B
208,79,Male,89,False,0.8949431379894024,0.8816397114394152,2.96,False,False,B
209,34,Female,90,False,0.9225708115366575,1.0045290714002861,1.0130612244897956,False,False,B
210,54,Male,90,False,0.8616382756013224,0.937836461030924,1.470204081632653,False,False,B
211,21,Female,90,False,0.9167313375353132,0.9808229182999013,1.0,False,False,B
212,55,Female,90,False,0.9817879748227846,0.9027326895053535,1.510204081632653,False,False,B
213,12,Male,91,False,0.9920752877230443,1.074016516501781,1.0,False,False,B
214,46,Male,91,False,1.0510129505863832,1.022882067645611,1.2089795918367343,False,False,B
215,31,Male,91,False,1.02253249155239,0.9011978472406694,1.000816326530612,False,False,B
216,45,Female,92,False,1.0415427483146427,1.0729653491170017,1.1836734693877549,False,False,A
217,59,Female,92,False,1.0561998221171642,1.025538530519034,1.6865306122448978,False,False,A
218,50,Female,92,False,1.0439447773600181,1.074959967357728,1.3265306122448979,False,False,A
219,32,Male,93,False,0.9185547291266491,1.0109784932852737,1.0032653061224488,False,False,A
220,66,Female,93,False,0.8611072551893637,0.9784202369027329,2.057959183673469,False,False,A
221,54,Female,94,False,0.9929488347859655,1.0745611102704296,1.470204081632653,False,False,B
222,36,Female,94,False,0.9014002673828492,1.0397196724608262,1.0293877551020405,False,False,B
223,13,Female,95,False,0.9189089079986342,1.168451806533087,1.0,False,False,B
224,24,Female,95,False,0.9515583997520315,1.0918299957027429,1.0,False,False,B
225,15,Male,95,False,0.8574846861642489,1.1300269502582883,1.0,False,False,B
226,78,Female,96,False,0.8794922377029328,1.1013530586684923,2.8808163265306117,False,False,A
227,24,Male,96,False,0.9181378679331987,0.8158831320431443,1.0,False,False,A
228,60,Female,96,False,1.0028280143247659,0.99139608554706,1.7346938775510203,False,False,A
229,37,Female,97,False,1.166092694855678,1.1539353571753324,1.0399999999999998,False,False,A
230,71,Female,97,False,0.8798712983699488,1.0930094034578401,2.3722448979591833,False,False,A
231,46,Female,97,False,1.0964228983878073,1.1020666355003883,1.2089795918367343,False,False,A
232,52,Male,98,False,1.1078669834119756,0.9521754874303335,1.3951020408163264,False,False,A
233,41,Male,98,False,1.0374696667170953,0.8233181369583938,1.0987755102040815,False,False,A
234,46,Female,99,False,1.115402870817445,0.9929735169841412,1.2089795918367343,False,False,A
235,69,Male,99,False,1.0625851421879238,1.1413529253805825,2.2416326530612243,False,False,A
236,31,Female,99,False,1.0956170451868792,0.9603387042192811,1.000816326530612,False,False,A
237,59,Female,100,False,0.9681663029434944,0.9805317924973749,1.6865306122448978,False,False,A
238,56,Female,100,False,1.07824236025931,0.9783259897364358,1.5518367346938775,False,False,A
239,52,Male,101,False,1.0189040924917707,0.9674040656087601,1.3951020408163264,False,False,A
240,11,Female,101,False,1.1177480708843348,1.0807003214515278,1.0,False,False,A
241,46,Male,102,False,0.9607595439198912,0.9403830985273914,1.2089795918367343,False,False,A
242,77,Female,102,False,1.0216004535315837,1.0196322623547405,2.8032653061224484,False,False,A
243,31,Male,102,False,0.9924894421862389,1.0881622210340927,1.000816326530612,False,False,A
244,87,Female,103,False,1.1270083642657605,1.0287123339462658,3.652244897959183,False,False,A
245,21,Female,103,False,1.0348906224597438,0.9297868327492018,1.0,False,False,A
246,52,Male,104,False,1.0924659151573308,1.0327187122356476,1.3951020408163264,False,False,B
247,55,Male,104,False,1.0305640613616225,1.1900737005552993,1.510204081632653,False,False,B
248,23,Female,105,False,0.9072218835072706,1.0085194510286737,1.0,False,False,B
249,38,Male,105,False,1.005927230325201,0.9346901073882028,1.0522448979591836,False,False,B
250,38,Male,106,False,1.00029607285193,0.9990247558104179,1.0522448979591836,False,False,A
251,64,Male,107,False,0.9733754363798329,1.0645924106571538,1.9436734693877549,False,False,B
252,73,Female,107,False,1.0832035986920023,1.0657387509178111,2.5093877551020407,False,False,B
253,50,Female,108,False,1.0992411820133938,0.952044515868489,1.3265306122448979,False,False,B
254,21,Male,108,False,1.1044193904341826,0.9642908191861745,1.0,False,False,B
255,14,Male,109,False,0.9706659395695934,0.9017196048833956,1.0,False,False,A
256,15,Male,109,False,1.0005808270028047,1.0065281602752765,1.0,False,False,A
257,32,Female,110,False,0.8342021497302256,0.898634447378034,1.0032653061224488,False,False,A
258,95,Female,110,False,0.9731004255659151,0.9424278531800707,4.448979591836734,False,False,A
259,25,Female,110,False,0.8158745550833598,1.0440164057192396,1.0,False,False,A
260,58,Female,110,False,1.0324235245777535,1.0370224893043063,1.6399999999999997,False,False,A
261,25,Male,111,False,1.1559364616911205,1.0934418425164385,1.0,False,False,B
262,58,Male,111,False,0.8473876306954972,0.8873113353193265,1.6399999999999997,False,False,B
263,7,Female,112,False,0.9451274160554614,1.0021285093624708,1.0,False,False,A
264,30,Female,113,False,0.8930280959290641,0.9276724086800779,1.0,False,False,A
265,35,Female,113,False,1.0053447068157026,1.0208585010193794,1.020408163265306,False,False,A
266,58,Male,114,False,0.9743075688656002,0.9603332913280536,1.6399999999999997,False,False,A
267,44,Female,115,False,1.0055845379281751,1.0330372362437386,1.16,False,False,B
268,12,Male,115,False,1.1361610143898968,1.0554460084391897,1.0,False,False,B
269,62,Male,116,False,1.0342351242952865,0.8526843487740138,1.8359183673469386,False,False,A
270,38,Male,116,False,0.9862330700449697,1.0162450936449596,1.0522448979591836,False,False,A
271,24,Female,117,False,1.0099987345330557,1.1101121560053062,1.0,False,False,B
272,19,Male,117,False,0.9943820550833242,1.0987618887653579,1.0,False,False,B
273,15,Male,117,False,0.9398205772107773,0.9659619324222564,1.0,False,False,B
274,59,Male,118,False,0.9279136562286504,0.995428469848389,1.6865306122448978,False,False,B
275,18,Male,119,False,1.0031535281884638,0.8995900073387935,1.0,False,False,B
276,70,Male,120,False,1.032920918421052,0.8903196933297218,2.3061224489795915,False,False,B
277,26,Female,120,False,0.8897359700390217,1.028431076154597,1.0,False,False,B
278,92,Female,121,False,0.9672700974540337,0.9896458299667997,4.137959183673469,False,False,B
279,15,Male,122,False,1.0531085067197763,0.8731954138741008,1.0,False,False,A
280,10,Male,122,False,1.0943065850830942,1.0383786697461517,1.0,False,False,A
281,42,Male,123,False,1.075274379163281,0.9540952966051535,1.117551020408163,False,False,B
282,57,Female,123,False,1.1399334521967088,1.1391164237547944,1.5951020408163266,False,False,B
283,9,Female,123,False,1.048422850995321,1.0359169074430712,1.0,False,False,B
284,39,Male,124,False,0.9114018046944701,1.1185226925912144,1.0661224489795915,False,False,B
285,46,Female,124,False,0.8714633256576652,0.9646693300565046,1.2089795918367343,False,False,B
286,41,Female,124,False,1.1015131939178562,1.1300445071695888,1.0987755102040815,False,False,B
287,61,Female,125,False,1.1262198504714547,1.024869849696422,1.784489795918367,False,False,B
288,42,Male,125,False,0.9518315731537448,1.0200174305445422,1.117551020408163,False,False,B
289,5,Male,126,False,0.9666869518089154,1.0949907893699742,1.0,False,False,A
290,67,Male,126,False,0.9988789087593422,1.0643079586528594,2.117551020408163,False,False,A
291,17,Female,127,False,1.0176623323171379,1.0530485200438848,1.0,False,False,A
292,66,Male,127,False,0.9625310603858019,0.9675953932391922,2.057959183673469,False,False,A
293,41,Male,127,False,1.0440923437099268,0.9358931255912182,1.0987755102040815,False,False,A
294,30,Female,128,False,0.9592637487578035,0.9869707016287582,1.0,False,False,A
295,48,Female,128,False,0.9895094181512384,0.9885569948863129,1.2644897959183672,False,False,A
296,36,Female,128,False,1.083274579362964,1.0050040546641599,1.0293877551020405,False,False,A
297,72,Male,128,False,1.044603130452768,1.0872231735471716,2.4399999999999995,False,False,A
298,54,Male,128,False,0.9998745870032582,1.001223119358115,1.470204081632653,False,False,A
299,11,Female,129,False,0.925795523250551,1.1253828173520093,1.0,False,False,A
300,64,Male,129,False,0.8532217572005943,0.9695265127279425,1.9436734693877549,False,False,A
301,19,Female,129,False,1.0486631903593528,0.9162608496108523,1.0,False,False,A
302,19,Male,130,False,1.0097416558293786,0.9683619638238772,1.0,False,False,B
303,32,Male,130,False,0.9157701347316832,1.1052278436165655,1.0032653061224488,False,False,B
304,68,Male,130,False,0.9130621699205421,0.8594602736390918,2.178775510204081,False,False,B
305,44,Male,131,False,1.1257765765430072,1.0552122131518766,1.16,False,False,B
306,70,Male,131,False,0.9528950538977541,0.9912821876291095,2.3061224489795915,False,False,B
307,39,Male,132,False,0.8954415216555701,0.9582137768334303,1.0661224489795915,False,False,B
308,13,Female,132,False,0.9769705680040136,0.9867815070857877,1.0,False,False,B
309,35,Male,132,False,1.0793562548642117,0.9685482703216599,1.020408163265306,False,False,B
310,77,Male,132,False,1.1457596189303234,0.8329012468988454,2.8032653061224484,False,False,B
311,63,Female,133,False,0.9507455875689824,0.9789914716501469,1.8889795918367347,False,False,A
312,24,Female,134,False,1.0238812727783284,1.129101461060224,1.0,False,False,B
313,44,Male,135,False,1.0550624744584503,1.0017320487852994,1.16,False,False,B
314,68,Female,135,False,0.9134808068789407,0.8247626467768377,2.178775510204081,False,False,B
315,26,Female,136,False,1.0369909836745739,0.9649107218356037,1.0,False,False,B
316,50,Male,137,False,0.9774592475162274,0.9661332255145585,1.3265306122448979,False,False,B
317,87,Female,138,False,0.9270755172407028,0.9560929694997509,3.652244897959183,False,False,A
318,48,Male,138,False,0.8358363184073136,0.9289887613310358,1.2644897959183672,False,False,A
319,35,Male,139,False,1.0030788009288731,0.9692409392000386,1.020408163265306,False,False,B
320,60,Female,139,False,1.0240419130322687,0.880425376342539,1.7346938775510203,False,False,B
321,51,Female,139,False,1.0528845312684068,0.9267704146056519,1.3599999999999999,False,False,B
322,46,Male,140,False,0.9976896527035138,1.083587308052806,1.2089795918367343,False,False,A
323,5,Female,140,False,1.0526887323024492,0.9856731313663949,1.0,False,False,A
324,17,Female,140,False,0.9979876757859142,1.008391667052405,1.0,False,False,A
325,19,Male,141,False,0.9600044439614837,0.9950024290522792,1.0,False,False,B
326,13,Female,141,False,0.91960605413043,0.9907359350973143,1.0,False,False,B
327,72,Male,142,False,0.9674989058350155,0.8648724023422695,2.4399999999999995,False,False,A
328,87,Male,142,False,1.1135144617645378,0.9885780398261875,3.652244897959183,False,False,A
329,86,Male,142,False,0.9618679739951641,0.9523159268663411,3.5599999999999996,False,False,A
330,44,Female,142,False,1.1505175193786104,1.1536378250275607,1.16,False,False,A
331,65,Male,143,False,1.0097698997190896,1.0679097912721631,1.9999999999999996,False,False,A
332,45,Female,143,False,1.1120178375886587,1.1343574813469217,1.1836734693877549,False,False,A
333,7,Male,143,False,0.8996369042453135,1.091065878774275,1.0,False,False,A
334,34,Female,143,False,0.9912789611415246,0.9234741339559932,1.0130612244897956,False,False,A
335,43,Male,143,False,0.8651398062056251,1.0553356450777522,1.137959183673469,False,False,A
336,47,Female,144,False,0.9991016293109066,0.9831191746064878,1.2359183673469387,False,False,A
337,48,Male,144,False,0.8392112319145236,0.9011938519250399,1.2644897959183672,False,False,A
338,47,Female,145,False,0.9532832974998193,0.9911131199828646,1.2359183673469387,False,False,A
339,54,Male,145,False,1.0013710914358043,0.9632444738440638,1.470204081632653,False,False,A
340,70,Male,146,False,1.0908414703045743,1.001886570946272,2.3061224489795915,False,False,A
341,37,Male,146,False,1.0098211930353278,1.0045763327260997,1.0399999999999998,False,False,A
342,52,Male,146,False,0.9542019433415652,1.0345565639511252,1.3951020408163264,False,False,A
343,36,Female,146,False,1.05978889522889,1.0201286778663343,1.0293877551020405,False,False,A
344,26,Male,147,False,1.02490387166799,1.1376038589170603,1.0,False,False,B
345,38,Male,147,False,1.055014033812331,1.0509995899570241,1.0522448979591836,False,False,B
346,48,Male,148,False,1.0731317861399803,0.888705233631268,1.2644897959183672,False,False,B
347,38,Male,148,False,0.8660921460557465,0.8997713067879711,1.0522448979591836,False,False,B
348,36,Male,148,False,0.944663770574174,0.9686966609200434,1.0293877551020405,False,False,B
349,46,Female,149,False,0.8995952521513612,0.9418566903263593,1.2089795918367343,False,False,B
350,37,Male,149,False,0.9076401899471153,1.1235902515502554,1.0399999999999998,False,False,B
351,3,Female,150,False,1.0556734020854228,1.0299417377340199,1.0,False,False,A
352,4,Female,150,False,0.9889418972541208,1.0053867705149087,1.0,False,False,A
353,37,Male,150,False,1.0102661469887466,1.0235977147223503,1.0399999999999998,False,False,A
354,49,Female,151,False,1.0091963127494445,1.0574250002247605,1.29469387755102,False,False,A
355,29,Male,151,False,1.1216561886013974,1.115498850912816,1.0,False,False,A
356,51,Male,152,False,1.0214276767789263,1.130956074690941,1.3599999999999999,False,False,B
357,50,Female,152,False,1.1449667498610967,0.9341430650278827,1.3265306122448979,False,False,B
358,50,Female,153,False,1.0309178582250833,1.1139977275543202,1.3265306122448979,False,False,B
359,34,Female,153,False,1.0394753698152341,1.0073443476792283,1.0130612244897956,False,False,B
360,44,Male,154,False,1.107739411361055,0.9844442562366357,1.16,False,False,A
361,83,Female,154,False,0.8924483241611985,0.922387314814437,3.2930612244897954,False,False,A
362,34,Male,155,False,1.0921582437918063,0.9992573989434681,1.0130612244897956,False,False,A
363,43,Male,155,False,0.9954983543486537,0.8908939577941247,1.137959183673469,False,False,A
364,54,Male,155,False,1.080378204803485,0.9082633028631518,1.470204081632653,False,False,A
365,13,Male,156,False,0.9860321814558202,1.0021082134077408,1.0,False,False,B
366,56,Female,156,False,0.9806009575896253,1.0966548761559767,1.5518367346938775,False,False,B
367,15,Female,157,False,1.1304990747647596,0.929979515510096,1.0,False,False,A
368,74,Female,157,False,0.926751064979179,1.1646795097975693,2.580408163265306,False,False,A
369,23,Female,158,False,0.9741044465682556,0.9379799309155343,1.0,False,False,A
370,61,Male,158,False,0.9110659873634853,1.0513960669871807,1.784489795918367,False,False,A
371,49,Male,158,False,0.9705612540627391,1.0165761077428737,1.29469387755102,False,False,A
372,15,Female,158,False,1.1525609974201605,1.0216078856778628,1.0,False,False,A
373,23,Male,159,False,1.1161463897094799,0.9195856869464972,1.0,False,False,B
374,51,Male,159,False,0.9626742048780775,0.9417695915199088,1.3599999999999999,False,False,B
375,28,Female,160,False,1.13628563856856,1.0015759822499946,1.0,False,False,B
376,16,Male,161,False,1.1252519073556737,1.0182140546970864,1.0,False,False,A
377,24,Female,161,False,0.9672022261600357,0.9346860109208356,1.0,False,False,A
378,22,Male,162,False,1.0235743723606365,1.0000185996936215,1.0,False,False,B
379,20,Female,162,False,0.9840026718478238,1.0315245468487106,1.0,False,False,B
380,78,Male,162,False,1.0901596312780055,1.080982443758698,2.8808163265306117,False,False,B
381,21,Female,163,False,0.9982565728116564,1.0329858154629705,1.0,False,False,B
382,67,Male,163,False,1.094913340219187,0.9706079829775485,2.117551020408163,False,False,B
383,22,Female,164,False,1.0160354633480728,1.0212013190974443,1.0,False,False,A
384,53,Female,164,False,1.006089003537803,1.1712118259554702,1.4318367346938774,False,False,A
385,50,Female,165,False,1.0773320730163929,1.0282511090755635,1.3265306122448979,True,False,A
386,31,Female,165,False,0.974479578312597,1.109933077302547,1.000816326530612,False,False,A
387,16,Male,166,False,1.02038593050506,1.0514160115191302,1.0,False,False,B
388,75,Female,166,False,0.9841027940994174,1.0172964119989365,2.6530612244897958,False,False,B
389,44,Male,166,False,0.9788223106583938,0.8911644885649244,1.16,False,False,B
390,60,Female,167,False,0.9787529094195987,0.9458603894442223,1.7346938775510203,False,False,A
391,4,Female,168,False,1.1011142546173762,1.0212800177497283,1.0,False,False,B
392,42,Female,169,False,0.9207433079299021,0.9873358209629131,1.117551020408163,False,False,B
393,51,Female,169,False,1.015792951123299,1.0053075659001112,1.3599999999999999,False,False,B
394,80,Male,169,False,1.001573417419028,0.9390491846929812,3.0408163265306123,False,False,B
395,20,Male,170,False,1.12665016523943,1.1165581327288319,1.0,False,False,A
396,11,Male,170,False,0.9666744485470928,1.1177791566575552,1.0,False,False,A
397,4,Male,170,False,0.9004478564834094,0.8534649825011856,1.0,False,False,A
398,62,Female,171,False,1.0023524186208688,0.8909195064079448,1.8359183673469386,False,False,A
399,60,Female,171,False,1.0984108313228116,1.1636936323886335,1.7346938775510203,False,False,A
400,40,Male,172,False,0.9792843123281412,1.0090615982259017,1.0816326530612244,False,False,A
401,67,Male,172,False,0.9957751622224702,1.0110324133660527,2.117551020408163,False,False,A
402,51,Female,172,False,0.8770072045623168,1.0834940434759757,1.3599999999999999,False,False,A
403,63,Female,173,False,0.9374147476439332,0.9881324921677573,1.8889795918367347,False,False,A
404,11,Male,173,False,1.004661075982357,1.0007144557755008,1.0,False,False,A
405,25,Male,174,False,0.9135284898771412,0.9599600358691782,1.0,False,False,A
406,44,Female,174,False,0.8381569800991284,0.9209676070429116,1.16,False,False,A
407,20,Male,175,False,0.926751729150115,1.1531476291955587,1.0,False,False,A
408,29,Male,175,False,0.823712360274884,1.0157810172733819,1.0,False,False,A
409,8,Male,176,False,0.8576092858566837,0.9247398185623343,1.0,False,False,B
410,42,Female,176,False,1.1118317962101636,0.9874991812487535,1.117551020408163,False,False,B
411,34,Female,176,False,0.9528663810025985,0.9046537730444649,1.0130612244897956,False,False,B
412,43,Female,176,False,0.9668803408779958,0.977913477481192,1.137959183673469,False,False,B
413,19,Male,177,False,0.853660139930739,1.0871149917470548,1.0,False,False,A
414,30,Male,177,False,0.9816521551457316,1.0390916354612183,1.0,False,False,A
415,38,Male,177,False,1.0362638109513036,0.9330076922131699,1.0522448979591836,False,False,A
416,62,Male,178,False,1.0512557332961796,1.105006758973499,1.8359183673469386,False,False,B
417,25,Male,178,False,1.0997302189499398,1.025423260740706,1.0,False,False,B
418,39,Female,179,False,0.9603133467537733,0.8574669128912074,1.0661224489795915,False,False,B
419,42,Male,179,False,0.9880865869831387,1.0472340107587002,1.117551020408163,False,False,B
420,24,Female,179,False,1.0117253795415004,0.8526867876978964,1.0,False,False,B
421,39,Male,180,False,1.0577420104767448,1.0178331965141996,1.0661224489795915,False,False,A
422,39,Male,180,False,0.9892448750727258,1.0275845127036032,1.0661224489795915,False,False,A
423,25,Male,181,False,1.0986985875256994,0.9264774606477217,1.0,False,False,A
424,23,Male,181,False,0.8651903687277357,0.9936260335469249,1.0,False,False,A
425,65,Male,181,False,1.044079011533985,1.0033252351786057,1.9999999999999996,False,False,A
426,42,Male,181,False,1.18976187457605,0.9887489293726173,1.117551020408163,False,False,A
427,60,Male,182,False,1.0889257292160714,0.95861264246899,1.7346938775510203,False,False,B
428,22,Male,182,False,1.0904964458848774,0.9677972006494163,1.0,False,False,B
429,32,Male,182,False,1.0643092367950846,0.9680835690903785,1.0032653061224488,False,False,B
430,56,Female,182,False,0.9566609890452501,1.162971192098842,1.5518367346938775,False,False,B
431,63,Female,183,False,1.0649284017542957,1.0782718137626814,1.8889795918367347,False,False,A
432,65,Male,183,False,0.8738397218383673,0.9393130375101634,1.9999999999999996,False,False,A
433,5,Male,183,False,0.9363182280204105,1.1024267319701457,1.0,False,False,A
434,44,Female,184,False,0.9137741905930042,1.0429484884094566,1.16,False,False,B
435,26,Male,184,False,1.0504730852675468,1.0231749173187568,1.0,False,False,B
436,22,Female,185,False,0.97691675395732,1.08859008186995,1.0,False,False,A
437,90,Female,185,False,1.1245175096249924,0.9409767353881366,3.9387755102040813,False,False,A
438,42,Female,186,False,0.978252825823702,1.1393170546893339,1.117551020408163,False,False,B
439,42,Female,186,False,1.0310855204398153,1.1467493321937208,1.117551020408163,False,False,B
440,69,Female,186,False,0.9910311268439762,1.0738836954392255,2.2416326530612243,False,False,B
441,27,Male,187,False,0.9586436244604142,1.0335362240785444,1.0,False,False,B
442,32,Female,187,False,0.9437385167464453,1.0044571823511899,1.0032653061224488,False,False,B
443,26,Male,187,False,1.0144724493881914,1.0610217365794714,1.0,False,False,B
444,43,Male,187,False,1.0572148741238425,1.0004366388575447,1.137959183673469,False,False,B
445,33,Male,188,False,0.8269735728810257,1.0060453272729983,1.00734693877551,False,False,B
446,25,Male,188,False,0.9116065734265515,0.921729334577562,1.0,False,False,B
447,46,Female,188,False,0.9939982838915057,0.975668396280424,1.2089795918367343,False,False,B
448,19,Male,189,False,1.0404953480979435,0.9684093984522063,1.0,False,False,B
449,63,Male,189,False,0.9601917556131064,0.9878267943092375,1.8889795918367347,False,False,B
450,77,Female,189,False,0.9299280193522115,1.071102920445905,2.8032653061224484,False,False,B
451,26,Male,190,False,0.9668717719578548,1.0053084968638986,1.0,False,False,A
452,31,Female,190,False,1.0592314921806105,1.1203243202828508,1.000816326530612,False,False,A
453,20,Female,190,False,0.9426330089453702,0.8397864009725557,1.0,False,False,A
454,37,Male,190,False,0.9301291203415633,1.0852280423738958,1.0399999999999998,False,False,A
455,27,Female,191,False,1.043018105387827,0.8851524245909151,1.0,False,False,A
456,21,Male,191,False,1.1085578039944983,1.1431860713242639,1.0,False,False,A
457,37,Male,192,False,0.9999640139784274,1.0928515776328445,1.0399999999999998,False,False,A
458,66,Female,192,False,1.1502743723997209,0.954226469189309,2.057959183673469,False,False,A
459,24,Male,193,False,0.9984362507884925,1.0414517033311437,1.0,False,False,A
460,24,Male,193,False,0.8593446734388843,0.9113057994829566,1.0,False,False,A
461,74,Female,194,False,0.896584061404378,1.033746297503341,2.580408163265306,False,False,B
462,31,Female,194,False,1.0120834706076667,1.0237638390644404,1.000816326530612,False,False,B
463,35,Male,194,False,0.9815663764637557,0.9177142141527311,1.020408163265306,False,False,B
464,51,Male,195,False,1.0667095788301315,0.9484589762157262,1.3599999999999999,False,False,B
465,67,Female,195,False,0.9015860276479171,1.0388202777146034,2.117551020408163,False,False,B
466,21,Male,196,False,0.904341900386122,0.8528912331552922,1.0,False,False,A
467,90,Male,196,False,1.0905303060525289,0.9608614306355291,3.9387755102040813,False,False,A
468,84,Male,197,False,0.8874360166946078,0.8682575025043008,3.3804081632653054,False,False,B
469,77,Female,197,False,1.0324467216376791,0.9855048640406198,2.8032653061224484,False,False,B
470,28,Female,197,False,0.9190991261589464,0.9614102662045749,1.0,False,False,B
471,21,Female,198,False,1.0091721729916177,0.9977462890836544,1.0,False,False,A
472,30,Female,199,False,1.0565004045743014,0.9930003920705239,1.0,False,False,A
473,3,Female,199,False,0.8452199625013158,0.9561286991470519,1.0,False,False,A
474,14,Male,199,False,1.094035640665914,1.1219487395908354,1.0,False,False,A
475,21,Female,199,False,0.9808993277791553,0.9310247130047837,1.0,False,False,A
476,33,Female,200,False,0.9936573311343321,0.973887678119807,1.00734693877551,False,False,B
477,84,Female,200,False,1.0417673783151231,0.9821324950280645,3.3804081632653054,False,False,B
478,33,Male,201,False,1.0591063010643715,0.9886683133646967,1.00734693877551,False,False,A
479,59,Female,201,False,0.9902272158695268,0.9769639054287492,1.6865306122448978,False,False,A
480,66,Male,202,False,1.0665634357742533,1.048318944848491,2.057959183673469,False,False,B
481,47,Female,203,False,0.9137079696119174,1.120847310836696,1.2359183673469387,False,False,A
482,74,Male,203,False,0.994553702248478,1.0489581090462996,2.580408163265306,False,False,A
483,60,Male,203,False,0.9855334185396862,1.0378148328911565,1.7346938775510203,False,False,A
484,14,Female,204,False,0.889162332058737,1.128406769539155,1.0,False,False,B
485,45,Male,204,False,1.1047456047714839,1.0899368349940102,1.1836734693877549,False,False,B
486,10,Female,205,False,1.082144981434451,1.0007503744789268,1.0,False,False,A
487,37,Male,205,False,0.9382761066186389,0.8851978044986647,1.0399999999999998,False,False,A
488,20,Female,206,False,1.0394357904288438,0.9574855899745599,1.0,False,False,B
489,22,Female,207,False,1.052295190817428,1.0500071899838967,1.0,False,False,B
490,25,Male,207,False,0.8666033292740831,1.0844779083656264,1.0,False,False,B
491,22,Male,208,False,0.9840242025715349,0.9797548158289398,1.0,False,False,A
492,58,Male,208,False,1.0814966103044397,0.9748247362295445,1.6399999999999997,False,False,A
493,43,Female,209,False,0.8355928084231892,1.0521845421182692,1.137959183673469,False,False,B
494,38,Male,209,False,0.8803799074102018,0.905933434909486,1.0522448979591836,False,False,B
495,36,Female,210,False,0.9447869736530192,0.950551932605764,1.0293877551020405,False,False,A
496,2,Male,211,False,1.1010960185078376,0.8868649966003702,1.0,False,False,A
497,28,Female,211,False,1.0639021211118294,1.0655924115337478,1.0,False,False,A
498,71,Male,211,False,0.928213263268465,1.1318072398339134,2.3722448979591833,False,False,A
499,46,Male,211,False,0.867147188889678,1.004859896189495,1.2089795918367343,False,False,A
500,77,Female,212,False,0.9487946220530087,1.07430242733757,2.8032653061224484,False,False,A
501,71,Male,213,False,0.8798136374025747,1.0249766520285264,2.3722448979591833,False,False,B
502,35,Female,214,False,0.9379284161287103,0.9342112171094128,1.020408163265306,False,False,B
503,73,Female,215,False,0.9952385235983942,0.9518375977542463,2.5093877551020407,False,False,A
504,40,Male,215,False,1.180475615392498,0.8972861948186742,1.0816326530612244,False,False,A
505,9,Male,215,False,1.0186520433120256,0.9207463838533849,1.0,False,False,A
506,25,Male,215,False,1.0990007179976833,1.1073362132448414,1.0,False,False,A
507,13,Female,215,False,0.9001037910480069,1.0690506342632216,1.0,False,False,A
508,58,Male,216,False,1.0973018980070235,0.9417940866060461,1.6399999999999997,False,False,B
509,23,Male,216,False,1.1527774650392935,1.0047506565122921,1.0,False,False,B
510,14,Female,216,False,1.0155584234928592,0.9715242563052158,1.0,False,False,B
511,36,Female,216,False,0.9207207647578457,0.9173681883686982,1.0293877551020405,False,False,B
512,8,Female,217,False,0.9257426123614648,0.8819781015019463,1.0,False,False,B
513,49,Male,217,False,1.0771003956440925,0.8488190132716766,1.29469387755102,False,False,B
514,50,Female,217,False,0.9428613563359062,1.0034849754904018,1.3265306122448979,False,False,B
515,18,Male,218,False,0.9603499161644292,1.0573260744533595,1.0,False,False,A
516,41,Male,218,False,0.9359156774184774,0.8907304183582954,1.0987755102040815,False,False,A
517,53,Male,219,False,1.0511108044091348,0.9017935883053535,1.4318367346938774,False,False,A
518,4,Female,219,False,0.9759311261681105,0.8437827533371907,1.0,False,False,A
519,27,Female,219,False,0.9275904795377344,1.0477185134838167,1.0,False,False,A
520,68,Male,219,False,0.8365376140150156,0.889404770115264,2.178775510204081,False,False,A
521,29,Male,220,False,0.9928782873431693,1.00402471516467,1.0,False,False,A
522,3,Female,220,False,1.0782196277775267,0.9133967455557913,1.0,False,False,A
523,58,Male,221,False,0.9300763694827848,1.045154944680315,1.6399999999999997,False,False,A
524,80,Male,221,False,1.028132762854985,0.9483241595917228,3.0408163265306123,False,False,A
525,17,Male,221,False,0.8463671100278343,1.106550675939328,1.0,False,False,A
526,63,Female,222,False,1.0505497646757274,1.011064390717475,1.8889795918367347,False,False,A
527,35,Male,222,False,0.9974141495633142,1.0148120799406626,1.020408163265306,False,False,A
528,72,Female,222,False,0.9075325090229075,0.9750305248701876,2.4399999999999995,False,False,A
529,23,Male,222,False,0.9525558091627555,1.0044693209154087,1.0,False,False,A
530,54,Male,223,False,1.0398086704608591,0.8313490453680469,1.470204081632653,False,False,A
531,81,Male,223,False,1.1501522927246037,0.9435219036540854,3.1232653061224482,False,False,A
532,28,Female,223,False,0.9557888110308188,0.9571998582570126,1.0,False,False,A
533,13,Female,224,False,1.1295195718008215,1.0282617538983718,1.0,False,False,A
534,88,Female,224,False,1.1679390139829327,0.8974549098148703,3.746122448979592,False,False,A
535,45,Female,225,False,0.9750326768205563,0.9790615823860667,1.1836734693877549,False,False,A
536,64,Male,225,False,0.9095670334827594,0.8951109923768792,1.9436734693877549,False,False,A
537,19,Male,225,False,0.9384221004598334,1.0283715721013171,1.0,False,False,A
538,56,Male,225,False,0.8803139256555641,1.0080746941451548,1.5518367346938775,False,False,A
539,82,Female,226,False,0.8608345394280336,1.072573079069092,3.20734693877551,False,False,A
540,65,Male,226,False,0.9117108978117195,0.9627884589697215,1.9999999999999996,False,False,A
541,54,Female,227,False,0.8759495018910551,1.1129506774907634,1.470204081632653,False,False,A
542,13,Male,227,False,0.8899778639513362,1.0405786182377061,1.0,False,False,A
543,27,Male,227,False,0.9168296453849798,0.908165175991016,1.0,False,False,A
544,76,Male,228,False,0.9778218984563876,0.9286405163619285,2.7273469387755105,False,False,B
545,78,Female,228,False,0.9177012895090364,0.9034699421299927,2.8808163265306117,False,False,B
546,10,Female,229,False,1.074808928313262,1.042883858817825,1.0,False,False,A
547,28,Female,229,False,0.9777101462667883,1.0530937866125099,1.0,False,False,A
548,11,Female,229,False,0.9472298012721364,1.0156471890812464,1.0,False,False,A
549,29,Male,230,False,1.072484392792784,1.0214754022113823,1.0,False,False,A
550,68,Female,230,False,0.9872840613022287,0.989425773033127,2.178775510204081,False,False,A
551,59,Male,230,False,0.9472019783696469,0.9627757009584187,1.6865306122448978,False,False,A
552,23,Male,230,False,0.9708648675371567,1.0892950986919017,1.0,False,False,A
553,5,Female,231,False,1.0265033692921683,1.0482810212561757,1.0,False,False,A
554,9,Male,231,False,0.993226443701607,0.9073792480915,1.0,False,False,A
555,65,Male,232,False,1.0687321779638577,0.9133859315671261,1.9999999999999996,False,False,A
556,68,Female,232,False,1.1110915046564174,0.9116626594628869,2.178775510204081,False,False,A
557,77,Female,232,False,0.9433971653709479,0.8260382216680231,2.8032653061224484,False,False,A
558,70,Female,232,False,1.0447749392757972,1.1338184160986082,2.3061224489795915,False,False,A
559,22,Male,233,False,0.9918722295550779,0.9011685590653823,1.0,False,False,B
560,29,Male,233,False,1.0734150350752651,1.0927883055179464,1.0,False,False,B
561,39,Male,234,False,1.110577066812077,1.0251494493488982,1.0661224489795915,False,False,A
562,35,Female,234,False,1.1327482512919627,0.9161115865981121,1.020408163265306,False,False,A
563,45,Male,234,False,0.918008168924074,1.1440952971534766,1.1836734693877549,False,False,A
564,61,Female,234,False,0.9141495780241926,0.8905948963976986,1.784489795918367,False,False,A
565,35,Female,235,False,1.040996045971578,0.9328654602975313,1.020408163265306,False,False,A
566,52,Male,235,False,1.1440556223440101,0.975321003843667,1.3951020408163264,False,False,A
567,46,Female,235,False,0.9397324458533465,1.1221210455572512,1.2089795918367343,False,False,A
568,3,Male,236,False,0.8541867605116086,1.0428653505888523,1.0,False,False,A
569,71,Male,236,False,0.9419474818175424,1.0035071113474419,2.3722448979591833,False,False,A
570,13,Male,237,False,0.9387291141222754,0.9572928494123035,1.0,False,False,B
571,54,Male,237,False,1.0050272437408805,0.8489942188128212,1.470204081632653,False,False,B
572,29,Male,238,False,1.146752641260755,1.1230299872374303,1.0,False,False,A
573,69,Female,238,False,1.1297099168918103,1.1317606755417298,2.2416326530612243,False,False,A
574,23,Male,238,False,0.997451368316874,1.053559431484965,1.0,False,False,A
575,31,Male,238,False,1.1010837179157986,1.1302595887046967,1.000816326530612,False,False,A
576,45,Male,239,False,1.01446235910705,1.0207550243308434,1.1836734693877549,False,False,B
577,48,Female,239,False,0.981757478976006,0.9746760060019147,1.2644897959183672,False,False,B
578,39,Male,239,False,1.01782365452191,0.9737389920187409,1.0661224489795915,False,False,B
579,69,Male,240,False,0.923034750645208,0.9304144483171817,2.2416326530612243,False,False,B
580,32,Male,241,False,0.9165816036921846,1.097634698309299,1.0032653061224488,False,False,A
581,36,Female,241,False,0.9090874719026105,1.1663545496010883,1.0293877551020405,False,False,A
582,31,Female,242,False,1.0347594985906328,0.9836708417133271,1.000816326530612,False,False,A
583,32,Male,243,False,1.000594272320638,1.0635285235848349,1.0032653061224488,False,False,B
584,32,Female,244,False,1.1100731445423875,1.0590765083386071,1.0032653061224488,False,False,A
585,29,Female,245,False,1.0412829169017068,1.093687626997145,1.0,False,False,B
586,64,Female,245,False,0.9341093836620693,0.8470368539491436,1.9436734693877549,False,False,B
587,63,Female,245,False,1.0330343685010286,0.973002953617936,1.8889795918367347,False,False,B
588,74,Male,245,False,0.9845994530346582,0.9533144070519645,2.580408163265306,False,False,B
589,75,Male,246,False,0.922083703393798,1.0701415475533111,2.6530612244897958,False,False,B
590,96,Female,246,False,0.8981096493644709,1.047121790720161,4.555918367346939,False,False,B
591,10,Female,246,False,1.0568158709598192,0.8986075286750682,1.0,False,False,B
592,71,Female,247,False,0.8737316279762829,1.000734768391212,2.3722448979591833,False,False,A
593,44,Male,247,False,1.048167294803227,1.038930882285138,1.16,False,False,A
594,41,Female,247,False,1.0272508461400798,0.9431509995049778,1.0987755102040815,False,False,A
595,18,Female,248,False,0.9018050707190098,0.9244882212374472,1.0,False,False,B
596,53,Male,248,False,1.00131449500683,0.9428063967679545,1.4318367346938774,False,False,B
597,21,Male,249,False,0.8590454142253539,0.9915241542426114,1.0,False,False,A
598,37,Female,249,False,1.0308109508774512,0.9977494638911604,1.0399999999999998,False,False,A
599,13,Male,249,False,0.8330831626133702,1.024481525350177,1.0,False,False,A
600,46,Female,249,False,0.9952288836501737,1.0583017968389203,1.2089795918367343,False,False,A
601,32,Female,250,False,1.0100939073862272,0.9949564698211693,1.0032653061224488,False,False,B
602,54,Female,250,False,0.8616259511064626,0.9412989467678483,1.470204081632653,False,False,B
603,42,Male,250,False,0.8550607907995408,1.0948288231326657,1.117551020408163,False,False,B
604,54,Female,251,False,0.9199854876283835,0.9094907892713678,1.470204081632653,False,False,A
605,30,Male,252,False,0.9399365825388266,0.9644356202003674,1.0,False,False,B
606,32,Male,252,False,1.0342474511180613,0.9256383595488606,1.0032653061224488,False,False,B
607,24,Female,252,False,1.073437407802476,1.0229971022462434,1.0,False,False,B
608,14,Female,252,False,0.984937460923811,0.8069146107689821,1.0,False,False,B
609,84,Male,252,False,0.9020847514936216,1.074544452486661,3.3804081632653054,False,False,B
610,72,Female,253,False,1.0282891648617476,0.927865522027318,2.4399999999999995,False,False,B
611,54,Male,253,False,1.0061072432830918,1.017808778730491,1.470204081632653,False,False,B
612,51,Male,254,False,0.9957684368078953,0.8726659392495928,1.3599999999999999,False,False,B
613,33,Male,254,False,1.0261587943782173,1.0550398231696125,1.00734693877551,False,False,B
614,32,Female,255,False,0.9015698690301538,1.1412486974355966,1.0032653061224488,False,False,A
615,89,Female,255,False,1.027433681449141,1.0990516579575238,3.8416326530612235,False,False,A
616,11,Male,256,False,0.9522174566410169,0.9209443932520779,1.0,False,False,A
617,39,Female,256,False,1.0759848113017283,0.9242002657573962,1.0661224489795915,False,False,A
618,19,Female,256,False,0.957682781617072,1.052344033431905,1.0,False,False,A
619,93,Female,257,False,0.9976833765562304,1.0221020844863662,4.239999999999999,False,False,A
620,61,Female,258,False,1.0034330271040157,1.1836880382647947,1.784489795918367,False,False,B
621,45,Female,258,False,0.9374115061906262,1.0714177655098887,1.1836734693877549,False,False,B
622,29,Male,259,False,0.8856865997701735,1.082911647928997,1.0,False,False,A
623,34,Male,259,False,1.0679355031319882,1.0126705713924653,1.0130612244897956,False,False,A
624,46,Male,260,False,1.122355108723533,1.0291604946129562,1.2089795918367343,False,False,A
625,20,Female,260,False,1.062059617100473,0.9069084295733497,1.0,False,False,A
626,29,Female,261,False,0.9782787707787495,1.0962701419577827,1.0,False,False,A
627,30,Male,261,False,1.0918683951607913,1.0208794553800566,1.0,False,False,A
628,13,Female,261,False,0.9909694273020901,0.9903971165783589,1.0,False,False,A
629,30,Male,261,False,1.0160919203168624,1.095017179875189,1.0,False,False,A
630,59,Male,262,False,0.9023278930855723,1.0268255212192088,1.6865306122448978,False,False,B
631,55,Female,262,False,0.886737655172075,1.0196267077081704,1.510204081632653,False,False,B
632,20,Female,263,False,0.9505623190257633,0.8755813883589125,1.0,False,False,B
633,32,Female,263,False,1.010528240224218,1.1036060515297594,1.0032653061224488,False,False,B
634,52,Male,263,False,0.9177857597869199,1.0398271486413124,1.3951020408163264,False,False,B
635,89,Female,264,False,1.0128132018914475,0.8306429332840216,3.8416326530612235,False,False,B
636,16,Male,265,False,1.0912168145095513,1.070402111679621,1.0,False,False,A
637,63,Male,265,False,1.160108898776004,1.063958552082633,1.8889795918367347,False,False,A
638,65,Male,266,False,1.090096656984779,1.058346364290807,1.9999999999999996,False,False,A
639,24,Male,266,False,1.0276725646014548,1.047233404525223,1.0,False,False,A
640,80,Male,266,False,1.1201349068941164,0.9595052443623578,3.0408163265306123,False,False,A
641,20,Female,267,False,1.064438434771385,0.9528445935697031,1.0,False,False,A
642,61,Female,267,False,1.013926411074579,0.9470602588602334,1.784489795918367,False,False,A
643,65,Female,268,False,0.8061006789337786,1.1214803486016958,1.9999999999999996,False,False,B
644,64,Male,268,False,0.9269567670624402,0.914844726914583,1.9436734693877549,False,False,B
645,73,Male,268,False,0.9252889815143465,1.0238164566233945,2.5093877551020407,False,False,B
646,41,Male,269,False,0.9355199662259088,0.8430106449381706,1.0987755102040815,False,False,B
647,55,Male,269,False,0.8904646256781525,1.0238861556552843,1.510204081632653,False,False,B
648,42,Female,270,False,1.009991965989498,0.9718717277239646,1.117551020408163,False,False,A
649,55,Male,270,False,0.9140578930222342,1.0584885594914972,1.510204081632653,False,False,A
650,45,Male,271,False,0.9684350069950594,0.9716084890185773,1.1836734693877549,False,False,A
651,29,Female,271,False,1.1705346746755854,0.872713611971788,1.0,False,False,A
652,80,Male,272,False,0.8837468145469516,0.8859728898581692,3.0408163265306123,False,False,A
653,12,Female,273,False,1.0304805496649874,1.1160977058835415,1.0,False,False,B
654,29,Female,274,False,0.8768196989200857,1.1366913308628392,1.0,False,False,A
655,79,Male,274,False,1.1013745599674227,0.8731905532879718,2.96,False,False,A
656,23,Female,275,False,1.105942045582208,0.8802708242677172,1.0,False,False,A
657,28,Female,275,False,0.9932806906718639,0.9768114166061123,1.0,False,False,A
658,54,Male,276,False,1.0232462033806966,1.0362262113587986,1.470204081632653,False,False,B
659,32,Female,276,False,1.1923976006122148,0.9134797010140128,1.0032653061224488,False,False,B
660,56,Female,276,False,1.0527592290927936,1.1193099824514987,1.5518367346938775,False,False,B
661,26,Female,276,False,0.9908848239154127,0.9670846239749756,1.0,False,False,B
662,21,Female,277,False,1.0424753542456704,0.8933062228243093,1.0,False,False,A
663,74,Female,277,False,0.9576528110188489,0.8533397007392804,2.580408163265306,False,False,A
664,24,Male,277,False,0.9654503265333947,1.1506415139844397,1.0,False,False,A
665,29,Male,278,False,0.8244692641713701,1.0305317956245859,1.0,False,False,B
666,51,Female,278,False,0.9619490000719109,1.0761572556680972,1.3599999999999999,False,False,B
667,84,Male,278,False,1.1159203040040657,0.9906497879970969,3.3804081632653054,False,False,B
668,67,Male,279,False,1.0333180562735902,1.0263092343106786,2.117551020408163,False,False,A
669,48,Female,279,False,0.9233726395491,0.9238144075600445,1.2644897959183672,False,False,A
670,56,Female,279,False,0.9208474624533,1.0341300136284597,1.5518367346938775,False,False,A
671,38,Female,279,False,0.9055237121212057,1.1341359304561844,1.0522448979591836,False,False,A
672,36,Female,280,False,1.049611841707746,1.0362077637976739,1.0293877551020405,False,False,B
673,22,Male,280,False,1.0598437354344534,1.0401570350760458,1.0,False,False,B
674,58,Male,281,False,0.9723632272490941,0.9231232897717121,1.6399999999999997,False,False,B
675,42,Female,281,False,1.1190248253290307,1.0807721009658562,1.117551020408163,False,False,B
676,76,Male,282,False,0.9896860269946665,1.0097246173975019,2.7273469387755105,False,False,A
677,84,Male,282,False,1.0274475098967453,0.9236996280229941,3.3804081632653054,False,False,A
678,39,Male,282,False,1.0134027050991816,1.0891607770028755,1.0661224489795915,False,False,A
679,26,Male,283,False,0.9869855307286913,1.0786434731005174,1.0,False,False,A
680,45,Female,283,False,1.0923139484515425,0.9574869349854145,1.1836734693877549,False,False,A
681,12,Male,283,False,0.9517789239552672,1.014219819883097,1.0,False,False,A
682,30,Female,284,False,1.0910224165125992,1.1069531216328767,1.0,False,False,A
683,18,Male,284,False,1.0482942198639673,0.8824321294149127,1.0,False,False,A
684,71,Male,284,False,0.8885337991472237,0.8562403514647766,2.3722448979591833,False,False,A
685,64,Male,285,False,0.8910830752405717,1.191801358755128,1.9436734693877549,False,False,B
686,52,Male,286,False,1.0308065740206072,1.1239533343272754,1.3951020408163264,False,False,B
687,57,Male,286,False,0.8820244649009841,0.9505735998004979,1.5951020408163266,False,False,B
688,29,Male,286,False,1.1399964083712213,1.0309386177381141,1.0,False,False,B
689,27,Male,287,False,0.9778481658908456,0.9260313940157031,1.0,False,False,A
690,56,Male,287,False,1.1054845331778396,1.0120882032900362,1.5518367346938775,False,False,A
691,54,Female,288,False,0.9305061515258877,1.0159128813778202,1.470204081632653,False,False,A
692,55,Female,288,False,0.8905707702166354,0.950607639732242,1.510204081632653,False,False,A
693,71,Female,289,False,1.057052699156225,0.9582049527082439,2.3722448979591833,False,False,A
694,69,Male,289,False,1.0885323350677378,1.0221856207073283,2.2416326530612243,False,False,A
695,70,Female,290,False,0.9583498046518064,0.9334718377713112,2.3061224489795915,False,False,A
696,63,Female,290,False,1.1037999820672735,1.0133180189271793,1.8889795918367347,False,False,A
697,35,Male,290,False,1.1020475413681092,0.8677710837447998,1.020408163265306,False,False,A
698,13,Female,291,False,1.080358664915918,1.0394121700370467,1.0,False,False,B
699,14,Male,291,False,1.0869358045218211,0.9940229101974635,1.0,False,False,B
700,28,Male,292,False,1.0122176226457498,0.9052080536686823,1.0,False,False,A
701,52,Male,292,False,1.0651936778345565,0.9216074888240129,1.3951020408163264,False,False,A
702,23,Female,293,False,0.9589594005358828,0.932078114671707,1.0,False,False,B
703,45,Female,293,False,0.929456890954836,1.0450395389242901,1.1836734693877549,False,False,B
704,44,Female,294,False,1.02762442961905,0.9935550500650299,1.16,False,False,A
705,47,Female,294,False,1.0384255092553227,0.9501595541178258,1.2359183673469387,False,False,A
706,29,Female,294,False,0.9452971418059053,0.9105288916907601,1.0,False,False,A
707,36,Male,295,False,0.9099314986900473,1.018351448056914,1.0293877551020405,False,False,A
708,41,Female,295,False,0.9209361469367943,1.0542753667255582,1.0987755102040815,False,False,A
709,83,Male,295,False,0.9197164208920174,1.098152528794721,3.2930612244897954,False,False,A
710,47,Female,295,False,1.027341154282916,1.0549905987584376,1.2359183673469387,False,False,A
711,45,Male,295,False,0.9780287261223166,0.9348874892675328,1.1836734693877549,False,False,A
712,53,Female,296,False,0.9963015794860819,1.0846162110520294,1.4318367346938774,False,False,A
713,36,Female,296,False,1.0745697092359825,1.1279406783567605,1.0293877551020405,False,False,A
714,58,Female,296,False,1.0951565216223242,0.9885537190093721,1.6399999999999997,False,False,A
715,12,Female,297,False,1.0863497638331596,1.0445957516688136,1.0,False,False,A
716,54,Female,297,False,0.9499369373543676,1.048667691032529,1.470204081632653,False,False,A
717,72,Female,297,False,0.8818951488824107,0.9874542121292144,2.4399999999999995,False,False,A
718,3,Female,297,False,0.898812628855796,0.8794304302456488,1.0,False,False,A
719,20,Male,298,False,0.9995138824712491,0.8506934725187765,1.0,False,False,B
720,37,Female,298,False,1.0507236160800004,1.0361729913737228,1.0399999999999998,False,False,B
721,33,Male,298,False,0.8735525882945049,1.1180832151122775,1.00734693877551,False,False,B
722,18,Male,299,False,0.9323670952169794,0.935485275622009,1.0,False,False,A
723,20,Female,299,False,0.9247926402369824,0.9464632359442642,1.0,False,False,A
724,47,Female,300,False,1.007634711951193,1.0562783625339174,1.2359183673469387,False,False,A
725,24,Male,301,False,0.8362206955271945,0.9858530558735126,1.0,False,False,A
726,19,Male,301,False,1.0332663731628307,1.1929521271479695,1.0,False,False,A
727,24,Male,301,False,1.0293684053688017,0.9659935816610388,1.0,False,False,A
728,27,Female,302,False,1.0138890990749465,0.9800917946509131,1.0,False,False,B
729,32,Male,302,False,0.8522284187739988,1.0306109722455457,1.0032653061224488,False,False,B
730,81,Female,303,False,1.1316829818689513,0.9867212852521791,3.1232653061224482,False,False,B
731,73,Male,303,False,1.1626213864917747,1.099217176486282,2.5093877551020407,False,False,B
732,10,Male,304,False,1.1405265504151012,0.9226275360192177,1.0,False,False,A
733,15,Male,304,False,0.8381704824389746,1.0098968805590032,1.0,False,False,A
734,21,Male,304,False,0.9833434761650518,0.9443442739355952,1.0,False,False,A
735,32,Male,304,False,1.0070172933031076,0.9475531834349282,1.0032653061224488,False,False,A
736,23,Female,305,False,0.9899041264680712,0.9835327208012861,1.0,False,False,A
737,53,Female,305,False,0.9523188809766596,1.05580020133687,1.4318367346938774,False,False,A
738,48,Female,305,False,1.0003391114534628,0.9080442149607033,1.2644897959183672,False,False,A
739,20,Female,306,False,0.9966694833872948,1.1563624811495496,1.0,False,False,B
740,56,Female,306,False,0.9742557679844868,1.0473831772454865,1.5518367346938775,False,False,B
741,31,Male,306,False,0.8867131934989203,0.8976590307666098,1.000816326530612,False,False,B
742,60,Female,307,False,1.0789566787612364,0.9259538371816256,1.7346938775510203,False,False,A
743,26,Male,307,False,1.1208719676784493,1.0662141620727805,1.0,False,False,A
744,79,Male,307,False,0.8756500798433124,0.9200240641770934,2.96,False,False,A
745,21,Female,307,False,1.0050710409166863,0.9058471460978818,1.0,False,False,A
746,63,Male,308,False,1.0519700914634158,1.0264417989855157,1.8889795918367347,False,False,A
747,29,Male,308,False,1.060823912774009,1.0325304378672313,1.0,False,False,A
748,52,Male,308,False,0.9825381462366307,0.9121632685561163,1.3951020408163264,False,False,A
749,28,Male,309,False,0.9169407917921544,1.0366743846035644,1.0,False,False,A
750,10,Female,309,False,0.952134326275258,0.8356630068069583,1.0,False,False,A
751,92,Female,310,False,0.8826420023257828,0.9627959587322928,4.137959183673469,False,False,B
752,20,Female,311,False,0.9024913619180999,1.0123169626058957,1.0,False,False,B
753,34,Male,311,False,0.81134295596534,0.9894616076428251,1.0130612244897956,False,False,B
754,83,Female,312,False,1.0251133826036638,0.9397620687300188,3.2930612244897954,False,False,A
755,13,Male,312,False,0.9423225652457508,0.9699462382459416,1.0,False,False,A
756,52,Female,313,False,0.9873251805493954,0.9984481198759827,1.3951020408163264,False,False,A
757,52,Female,313,False,1.0959450717352694,1.0515877051813614,1.3951020408163264,False,False,A
758,75,Male,314,False,0.9332292481444907,1.0142098194805933,2.6530612244897958,False,False,B
759,9,Male,314,False,1.080089376141661,1.0452229297242062,1.0,False,False,B
760,43,Female,315,False,0.9363277097253759,1.0288051037086914,1.137959183673469,False,False,B
761,17,Male,315,False,0.9601225224031056,1.0059685234785887,1.0,False,False,B
762,14,Female,315,False,1.0120011768809953,1.005623366432925,1.0,False,False,B
763,20,Male,316,False,0.8682661976959989,1.022335710647875,1.0,False,False,B
764,41,Male,316,False,1.0188134187178841,1.0171885361464619,1.0987755102040815,False,False,B
765,26,Female,317,False,0.9858806579401694,1.1223152099737628,1.0,False,False,A
766,15,Female,317,False,0.8547010600239116,1.0988367651240003,1.0,False,False,A
767,56,Male,318,False,1.0194208622255576,0.9625860836235771,1.5518367346938775,False,False,A
768,52,Male,318,False,0.9648633241783448,1.0956370871240273,1.3951020408163264,False,False,A
769,31,Female,319,False,0.9413284833854036,1.0016799595766415,1.000816326530612,False,False,B
770,35,Male,319,False,0.9267564085048716,0.9113838559667975,1.020408163265306,False,False,B
771,68,Female,319,False,1.135319684984155,0.8838748933915204,2.178775510204081,False,False,B
772,81,Male,319,False,0.9216684214501204,0.9657145033450447,3.1232653061224482,False,False,B
773,53,Male,320,False,0.9988621795262096,0.9145854387308991,1.4318367346938774,False,False,A
774,24,Male,320,False,0.9105172567074584,0.9485941001035525,1.0,False,False,A
775,51,Female,321,False,0.9643492700816412,1.158198933008615,1.3599999999999999,False,False,B
776,29,Male,321,False,0.9794773979037652,0.9641275516194348,1.0,False,False,B
777,14,Male,322,False,0.9858006697908513,1.0451712237540807,1.0,False,False,B
778,43,Male,322,False,1.1202811981959273,1.0704990173946882,1.137959183673469,False,False,B
779,83,Male,323,False,0.9045840316019929,0.9183675813498681,3.2930612244897954,False,False,A
780,36,Female,323,False,0.8259597719234224,1.0268777826711157,1.0293877551020405,False,False,A
781,9,Female,324,False,1.0186694715763127,0.894366151202308,1.0,False,False,A
782,55,Female,324,False,0.9092080850045572,1.0098447549385665,1.510204081632653,False,False,A
783,29,Male,325,False,0.8898851005650481,0.9378967203982097,1.0,False,False,A
784,49,Female,325,False,1.0538811917177895,0.9705825208652646,1.29469387755102,False,False,A
785,23,Male,325,False,0.9857165230019052,1.0723806086111372,1.0,False,False,A
786,19,Female,325,False,0.9010375459228358,0.8843520304192334,1.0,False,False,A
787,21,Female,326,False,0.957340050241855,0.9989503098160232,1.0,False,False,B
788,34,Female,326,False,1.0756541034727787,1.0939500403385354,1.0130612244897956,False,False,B
789,51,Female,326,False,1.0583086390885699,1.0460179396782148,1.3599999999999999,False,False,B
790,10,Male,326,False,1.0081988314762678,1.036854778651892,1.0,False,False,B
791,44,Male,327,False,1.0254712242728719,0.979979459290321,1.16,False,False,B
792,23,Female,327,False,0.9592762893514355,0.9741005324695667,1.0,False,False,B
793,25,Female,328,False,1.0317174477912352,1.1604945818614674,1.0,False,False,B
794,37,Male,328,False,1.0438326567278506,1.0779606586639332,1.0399999999999998,False,False,B
795,24,Female,328,False,0.9239965381466244,0.9997751468869676,1.0,False,False,B
796,18,Female,328,False,1.042856270334143,0.9496710517388991,1.0,False,False,B
797,70,Male,329,False,0.8800435193917374,0.8313894836495892,2.3061224489795915,False,False,A
798,62,Male,329,False,1.039601179244337,1.0394654134160894,1.8359183673469386,False,False,A
799,22,Female,329,False,1.0479614639531574,1.0643220193697707,1.0,False,False,A
800,48,Male,329,False,0.8612672381078222,0.99339324845849,1.2644897959183672,False,False,A
801,71,Female,330,False,1.0215156201005544,1.0559386395379844,2.3722448979591833,False,False,B
802,42,Male,330,False,0.878433107786025,0.9139044652741246,1.117551020408163,False,False,B
803,18,Male,330,False,1.0963092677402428,0.9989022701929433,1.0,False,False,B
804,39,Male,330,False,0.9692890702467787,0.8907402040635083,1.0661224489795915,False,False,B
805,18,Male,331,False,1.0561293705014188,0.9764174447642472,1.0,False,False,A
806,87,Male,332,False,0.9925898555708923,1.0339546462811604,3.652244897959183,False,False,A
807,55,Female,332,False,0.9935759422800676,1.0318343402846064,1.510204081632653,False,False,A
808,36,Male,332,False,0.8765549060741977,1.0487168987763316,1.0293877551020405,False,False,A
809,56,Female,333,False,0.9411134847232875,0.983544032483135,1.5518367346938775,False,False,A
810,53,Male,333,False,0.956531420635861,1.0535483237311623,1.4318367346938774,False,False,A
811,26,Female,334,False,0.9794305475762093,0.8632549178609109,1.0,False,False,B
812,40,Female,334,False,0.8819920607505302,1.1695487894674383,1.0816326530612244,False,False,B
813,25,Male,335,False,0.8350136857736479,0.9013880364207689,1.0,False,False,A
814,51,Female,335,False,0.9743723852201096,0.8707775305543402,1.3599999999999999,False,False,A
815,46,Female,335,False,0.9528035614517548,1.0816612710308169,1.2089795918367343,False,False,A
816,63,Male,335,False,1.1200610679935366,1.001689829644007,1.8889795918367347,False,False,A
817,73,Male,336,False,0.8674918761319332,0.9279468840981185,2.5093877551020407,False,False,A
818,28,Male,337,False,0.9933182248551509,0.881413973747235,1.0,False,False,B
819,78,Female,337,False,1.1252676154547707,0.9559373748727964,2.8808163265306117,False,False,B
820,51,Female,338,False,0.9645172726679847,1.0326832162366033,1.3599999999999999,False,False,B
821,22,Female,339,False,0.9350086187643742,0.8964426211631851,1.0,False,False,A
822,17,Female,339,False,0.8709647291128466,0.9602760805031085,1.0,False,False,A
823,55,Male,340,False,0.9385754329241205,1.0407149757695242,1.510204081632653,False,False,A
824,42,Female,340,False,1.0665751054947366,1.1912102661519133,1.117551020408163,False,False,A
825,13,Male,341,False,1.1007195028840215,1.0736474097423296,1.0,False,False,B
826,77,Female,341,False,1.0724554961857866,0.9065567185359825,2.8032653061224484,False,False,B
827,45,Male,341,False,0.9330237986489035,0.8874085400405154,1.1836734693877549,False,False,B
828,6,Female,342,False,1.0461139551381857,0.9694529245400129,1.0,False,False,B
829,50,Female,342,False,0.9530148892591519,1.0234248223496363,1.3265306122448979,False,False,B
830,28,Male,342,False,1.1086858123756298,0.9945909089045946,1.0,False,False,B
831,65,Male,343,False,1.10764479105267,0.8977607423628511,1.9999999999999996,False,False,A
832,59,Male,343,False,0.9559059868324155,1.0541690808197617,1.6865306122448978,False,False,A
833,6,Female,343,False,1.0533962675706534,0.958571175535106,1.0,False,False,A
834,43,Female,344,False,0.9098561255263911,0.8931817986217425,1.137959183673469,False,False,B
835,41,Male,345,False,1.1007663929383888,1.0275738647582353,1.0987755102040815,False,False,B
836,69,Female,345,False,0.8544889443629605,1.1429505924264094,2.2416326530612243,False,False,B
837,81,Female,346,False,1.1365130795512919,1.047870111379271,3.1232653061224482,False,False,B
838,26,Male,347,False,1.0197744968114262,1.1110042992506475,1.0,False,False,A
839,54,Female,348,False,1.1155548552244452,1.0059432948664933,1.470204081632653,False,False,B
840,72,Female,348,False,0.9996588982029706,0.8814050384343701,2.4399999999999995,False,False,B
841,21,Female,348,False,1.0334879581935879,0.9829607452526141,1.0,False,False,B
842,43,Female,348,False,1.0133373918388857,0.9900019655818738,1.137959183673469,False,False,B
843,42,Male,349,False,1.1201442741276273,0.9486229447796974,1.117551020408163,False,False,B
844,20,Female,349,False,0.881815891313292,0.8862672801207334,1.0,False,False,B
845,52,Male,350,False,0.9815027259688457,0.987652049897283,1.3951020408163264,False,False,A
846,22,Male,351,False,1.0214455714146,0.8399378119376925,1.0,False,False,B
847,63,Female,351,False,0.9756243621314273,0.865143934019269,1.8889795918367347,False,False,B
848,43,Female,352,False,1.1108845350033025,0.9850336484482768,1.137959183673469,False,False,A
849,29,Male,352,False,1.079238691479944,0.9743887162876842,1.0,False,False,A
850,27,Male,353,False,1.0580056925057997,1.0259754896211433,1.0,False,False,B
851,61,Female,353,False,0.9475829372371938,0.9007524778070307,1.784489795918367,False,False,B
852,75,Female,353,False,1.0703679007480575,1.1331897142120035,2.6530612244897958,False,False,B
853,26,Male,353,False,1.1078247214043433,1.02552975529254,1.0,False,False,B
854,14,Female,353,False,0.9570364146920001,0.9116731889603901,1.0,False,False,B
855,69,Male,354,False,0.9416271180148676,0.9589010620996152,2.2416326530612243,False,False,A
856,52,Male,354,False,0.9909676855337675,1.0597257336400312,1.3951020408163264,False,False,A
857,73,Female,355,False,0.9036134979366626,0.8804644960360093,2.5093877551020407,False,False,A
858,44,Male,355,False,1.0250719528379553,0.9812187055227762,1.16,False,False,A
859,38,Female,356,False,0.9609693767823404,1.0213657813186832,1.0522448979591836,False,False,A
860,71,Female,356,False,0.9464546233407666,1.0501575521349642,2.3722448979591833,False,False,A
861,70,Female,357,False,0.9823097426613688,0.8875842968080261,2.3061224489795915,False,False,B
862,13,Female,357,False,0.959040616816487,1.0868834259041014,1.0,False,False,B
863,41,Male,357,False,1.0026767780264754,1.086475171661705,1.0987755102040815,False,False,B
864,30,Female,358,False,0.9505325714553492,0.9529040181504058,1.0,False,False,B
865,53,Female,358,False,1.1181465729219402,0.8857423013983314,1.4318367346938774,False,False,B
866,39,Male,359,False,1.1110269743870969,1.0863095270863057,1.0661224489795915,False,False,A
867,20,Male,359,False,1.091495259023442,1.193040745464699,1.0,False,False,A
868,84,Male,359,False,1.1069232566013452,0.8669247878870406,3.3804081632653054,False,False,A
869,52,Female,360,False,1.0158039453139152,0.951480081753418,1.3951020408163264,False,False,B
870,24,Male,360,False,1.0453998149349195,0.9413145360021289,1.0,False,False,B
871,24,Male,361,False,1.0164872189928227,0.9874075742314546,1.0,False,False,B
872,17,Male,361,False,0.8943146325364051,0.922832880049451,1.0,False,False,B
873,17,Female,361,False,1.0270611500370226,1.0448663322249516,1.0,False,False,B
874,35,Male,362,False,0.9041767568374949,1.0862251673139747,1.020408163265306,False,False,A
875,60,Male,362,False,0.9475842257168415,0.9550721029694949,1.7346938775510203,False,False,A
876,32,Female,362,False,0.9612831198213622,1.0354261209552666,1.0032653061224488,False,False,A
877,43,Female,362,False,0.9680489843516618,0.8396174016107109,1.137959183673469,False,False,A
878,50,Female,363,False,1.0824690312318443,0.9938692540396623,1.3265306122448979,False,False,A
879,46,Male,364,False,1.1092220980490908,0.9547782157519749,1.2089795918367343,False,False,B
880,59,Female,364,False,1.1391220912129267,1.0043220453442308,1.6865306122448978,False,False,B
881,63,Female,365,False,0.9930657895560135,1.1460327544422282,1.8889795918367347,False,False,A
882,68,Female,366,False,0.9220867797566423,0.923938848014824,2.178775510204081,False,False,A
883,39,Male,366,False,0.9397992545025202,1.0210914642500115,1.0661224489795915,False,False,A
884,42,Female,366,False,1.0540592879918216,0.9787069823522945,1.117551020408163,False,False,A
885,31,Female,367,False,0.8733888922700457,1.130428060545647,1.000816326530612,False,False,A
886,72,Male,367,False,0.8980753706699783,0.9021567106145871,2.4399999999999995,False,False,A
887,45,Male,367,False,1.0232942692058704,1.0453310258650466,1.1836734693877549,False,False,A
888,47,Female,368,False,1.0703042707437165,0.9365201363625132,1.2359183673469387,False,False,B
889,27,Female,369,False,0.9438225364836492,0.8685601841339116,1.0,False,False,B
890,24,Male,369,False,1.011555683569643,0.9862365768690594,1.0,False,False,B
891,46,Female,369,False,1.0180840842799908,1.049459001713501,1.2089795918367343,False,False,B
892,93,Male,369,False,1.0269865629428687,0.9045759981651746,4.239999999999999,False,False,B
893,72,Male,370,False,1.0951770098384044,1.1340636142442464,2.4399999999999995,False,False,B
894,24,Female,370,False,0.9987985632827654,1.1287538202085303,1.0,False,False,B
895,53,Female,371,False,0.9511809362526438,0.8561638113422323,1.4318367346938774,False,False,B
896,17,Male,371,False,0.8820833151231676,1.0276873820118664,1.0,False,False,B
897,49,Female,372,False,0.9581095906142044,1.1204942978164627,1.29469387755102,False,False,A
898,43,Female,372,False,1.001726508864501,1.0070584517063563,1.137959183673469,False,False,A
899,38,Male,373,False,1.0996209468995184,0.9484251531194594,1.0522448979591836,False,False,B
900,86,Female,373,False,0.9478973255337807,0.8619953316433427,3.5599999999999996,False,False,B
901,22,Female,374,False,1.1443340814766612,1.0491217260729295,1.0,False,False,B
902,61,Male,375,False,0.9294273747067844,1.0070861846016936,1.784489795918367,False,False,B
903,27,Male,375,False,0.9252341105844006,1.046288487916239,1.0,False,False,B
904,30,Female,376,False,0.9655935062902087,0.8257692256106982,1.0,False,False,B
905,69,Female,376,False,0.983298067977154,1.166489098818566,2.2416326530612243,False,False,B
906,43,Female,376,False,0.9829990385171878,1.1459198425537358,1.137959183673469,False,False,B
907,40,Male,377,False,0.9196165924910645,0.9807414749196879,1.0816326530612244,False,False,B
908,50,Male,377,False,0.8399043451582096,0.9653257604988029,1.3265306122448979,False,False,B
909,32,Male,377,False,1.009831079721695,1.013053560293546,1.0032653061224488,False,False,B
910,31,Female,377,False,0.961783221935249,0.9289399445116846,1.000816326530612,False,False,B
911,13,Female,378,False,0.8132144693918743,1.1062924036393436,1.0,False,False,A
912,58,Female,378,False,0.8798426766465788,0.9526455522577879,1.6399999999999997,False,False,A
913,73,Female,378,False,0.8919784020627348,1.037377208311417,2.5093877551020407,False,False,A
914,41,Female,379,False,1.0629952779211953,0.88998424201512,1.0987755102040815,False,False,B
915,29,Female,380,False,1.124641229185018,1.0991483232672674,1.0,False,False,B
916,7,Male,380,False,0.9507216053215866,1.0591171708587508,1.0,False,False,B
917,80,Male,380,False,0.8961510611324517,0.9597217079424644,3.0408163265306123,False,False,B
918,46,Female,380,False,0.9676670180676634,0.8489859741087329,1.2089795918367343,False,False,B
919,29,Male,381,False,1.0129147704219086,0.9262182618174095,1.0,False,False,A
920,39,Male,381,False,1.0066605972453881,0.9591348300840085,1.0661224489795915,False,False,A
921,32,Female,382,False,0.9808356340046668,0.9397270125872879,1.0032653061224488,False,False,A
922,32,Male,382,False,0.9863025722562007,1.1747896962321394,1.0032653061224488,False,False,A
923,26,Male,383,False,0.969631441384934,1.1463969982684912,1.0,False,False,A
924,60,Female,383,False,0.9229103373004347,0.9582772309709516,1.7346938775510203,False,False,A
925,49,Male,383,False,0.9104437523611939,0.9995489630225597,1.29469387755102,False,False,A
926,65,Male,383,False,0.9582936553512457,0.9206015480075986,1.9999999999999996,False,False,A
927,65,Male,384,False,1.1271584726263562,1.026686561914403,1.9999999999999996,False,False,A
928,34,Female,385,False,1.0288478210731407,0.9872471694375791,1.0130612244897956,False,False,A
929,52,Male,385,False,0.8838003265706496,1.1211310635080467,1.3951020408163264,False,False,A
930,61,Male,386,False,0.9525554614726974,1.0041032989872716,1.784489795918367,False,False,B
931,57,Female,386,False,0.9838699960138164,0.8652598732032686,1.5951020408163266,False,False,B
932,23,Male,386,False,1.0756422231231335,1.1058474672437621,1.0,False,False,B
933,8,Male,387,False,0.9447539688472,0.968701209144676,1.0,False,False,B
934,27,Male,387,False,0.9809550549694166,1.0650761863719576,1.0,False,False,B
935,42,Female,388,False,1.0708007301610702,1.0583321760514215,1.117551020408163,False,False,A
936,17,Male,388,False,1.0495972214815084,0.9006493740120085,1.0,False,False,A
937,68,Female,389,False,0.8798849148657751,1.1211245485251682,2.178775510204081,False,False,A
938,18,Male,389,False,0.9440872876694004,1.0640080609850415,1.0,False,False,A
939,45,Female,389,False,1.0172581189749124,0.9204199923214426,1.1836734693877549,False,False,A
940,55,Female,390,False,0.9721591326241895,1.1790125335485333,1.510204081632653,False,False,A
941,56,Male,390,False,0.9941650430244737,1.1910403097315325,1.5518367346938775,False,False,A
942,40,Female,390,False,1.068186470816735,1.0512806624319848,1.0816326530612244,False,False,A
943,31,Female,391,False,0.9448917700266158,1.0204159286656174,1.000816326530612,False,False,A
944,32,Male,391,False,1.0828788057715073,1.1032514956418853,1.0032653061224488,False,False,A
945,26,Male,392,False,1.1066703365004342,0.9965284729338695,1.0,False,False,A
946,57,Male,393,False,1.0021056298517093,0.9928287314777312,1.5951020408163266,False,False,A
947,87,Female,393,False,0.9946990291155844,1.0321417850063705,3.652244897959183,False,False,A
948,28,Female,393,False,1.1434146522333335,1.0654107399410915,1.0,False,False,A
949,43,Female,394,False,0.972855372985551,0.8662929806769915,1.137959183673469,False,False,B
950,59,Male,394,False,0.91040332286283,0.9489498692417485,1.6865306122448978,False,False,B
951,62,Female,394,False,0.9949935958975182,0.9428467378824059,1.8359183673469386,False,False,B
952,27,Female,394,False,1.1008491449139095,1.0676155901537512,1.0,False,False,B
953,24,Female,395,False,0.9411875502375934,0.9937153608050423,1.0,False,False,B
954,37,Female,395,False,1.0185643373128634,1.0504963690548825,1.0399999999999998,False,False,B
955,81,Male,396,False,0.9661026944767561,1.0897639513461876,3.1232653061224482,False,False,A
956,30,Female,396,False,0.9164830475393738,0.9412217294367252,1.0,False,False,A
957,29,Male,397,False,0.9061400389273954,1.079317748772424,1.0,False,False,A
958,51,Male,397,False,0.9233592815323233,1.0182344819854534,1.3599999999999999,False,False,A
959,19,Female,397,False,1.1704884175403416,1.025065487586935,1.0,False,False,A
960,16,Male,397,False,1.0672082175271336,0.9939217059419356,1.0,False,False,A
961,5,Male,398,False,0.9109156373119895,1.127590812747484,1.0,False,False,A
962,26,Female,398,False,0.9444049678864784,1.1153936535537616,1.0,False,False,A
963,35,Male,399,False,1.0198640793683873,1.0060640177151874,1.020408163265306,False,False,B
964,62,Male,399,False,1.0503258580260988,0.9560803075735231,1.8359183673469386,False,False,B
965,38,Male,399,False,1.032475826129925,1.0067525045398387,1.0522448979591836,False,False,B
966,32,Male,399,False,1.0368702960201914,1.0719277432286023,1.0032653061224488,False,False,B
967,54,Female,400,False,0.9834470452120523,0.9971721722341631,1.470204081632653,False,False,B
968,32,Female,400,False,0.9334248928162219,0.9568952283463388,1.0032653061224488,False,False,B
969,62,Female,400,False,1.01619433615743,0.9701838604828458,1.8359183673469386,False,False,B
970,35,Male,400,False,0.952869663606231,0.9662378935849026,1.020408163265306,False,False,B
971,38,Male,401,False,1.0413379715525652,0.9546680924320154,1.0522448979591836,False,False,A
972,25,Female,401,False,1.1012556169417838,0.9789856016128531,1.0,False,False,A
973,22,Female,401,False,1.0059352475460892,0.8864563087609787,1.0,False,False,A
974,45,Female,402,False,0.9915979838712993,1.0145450561133407,1.1836734693877549,False,False,A
975,63,Male,402,False,0.9454891434132725,0.9049419334714658,1.8889795918367347,False,False,A
976,30,Male,402,False,0.9662014913106914,1.0826480160117176,1.0,False,False,A
977,80,Male,403,False,0.9752838223408111,1.0502079926777574,3.0408163265306123,False,False,A
978,54,Male,403,False,0.9562218212907856,0.9666459368240361,1.470204081632653,False,False,A
979,20,Male,403,False,1.0414650721519352,0.974082244211441,1.0,False,False,A
980,59,Female,403,False,1.0589912980462093,0.9117102647364347,1.6865306122448978,False,False,A
981,53,Female,404,False,0.9737896214068312,0.88834396764676,1.4318367346938774,False,False,A
982,47,Male,405,False,1.1441720893046023,0.9024525098147634,1.2359183673469387,False,False,A
983,16,Female,405,False,0.9927482986692184,0.9736504329940875,1.0,False,False,A
984,64,Female,405,False,1.04493268922229,1.012626511024246,1.9436734693877549,False,False,A
985,10,Female,406,False,0.9731612597469357,1.0737069047167842,1.0,False,False,B
986,64,Male,406,False,0.9874603738640125,0.9638883383708012,1.9436734693877549,False,False,B
987,22,Male,406,False,0.8563071866541376,0.9148015406337484,1.0,False,False,B
988,22,Male,406,False,0.971710603624232,1.0440731090622328,1.0,False,False,B
989,54,Male,407,False,0.9377175913718275,0.8818499405245452,1.470204081632653,False,False,A
990,23,Male,408,False,1.1020183900457,0.8837098612640969,1.0,False,False,B
991,41,Male,408,False,1.0164440866000644,1.0235599234545585,1.0987755102040815,False,False,B
992,20,Male,408,False,0.9763833543137523,1.1131570622349845,1.0,False,False,B
993,50,Male,409,False,1.046033754179984,1.0022220769385874,1.3265306122448979,False,False,A
994,69,Male,409,False,1.0550813500983927,1.052616117363816,2.2416326530612243,False,False,A
995,45,Male,410,False,1.067860313026892,0.9262429348487686,1.1836734693877549,False,False,A
996,26,Male,410,False,0.9819385517469046,1.038008261493033,1.0,False,False,A
997,32,Male,410,False,0.9615430677601949,1.049153153254411,1.0032653061224488,False,False,A
998,72,Male,411,False,0.9845895163095227,0.8329647562138172,2.4399999999999995,False,False,B
999,53,Male,411,False,0.9870849848232499,0.9027764568078925,1.4318367346938774,False,False,B
1000,70,Female,411,False,1.1014171539492306,1.012638760384597,2.3061224489795915,False,False,B
1001,58,Male,411,False,1.0902312390711821,0.8458390861467877,1.6399999999999997,False,False,B
1002,17,Female,412,False,0.8254715804655679,0.8866454876972923,1.0,False,False,A
1003,24,Male,412,False,1.0052147475625883,0.8613593256068268,1.0,False,False,A
1004,4,Female,412,False,1.0224450857245562,0.929572526116968,1.0,False,False,A
1005,58,Female,413,False,1.0298202295151087,1.0030264978092103,1.6399999999999997,False,False,B
1006,43,Male,413,False,0.9881441027874704,0.9295881001953974,1.137959183673469,False,False,B
1007,10,Female,413,False,0.9751465534398093,0.8541940905753151,1.0,False,False,B
1008,84,Female,414,False,1.086259962829958,1.0034134792916005,3.3804081632653054,False,False,B
1009,85,Female,414,False,0.9145751991725387,1.1246477883054962,3.4693877551020407,False,False,B
1010,71,Male,414,False,0.8514247994160571,0.9330439464036737,2.3722448979591833,False,False,B
1011,30,Female,414,False,1.065903424219993,1.15861535340486,1.0,False,False,B
1012,48,Female,415,False,0.9145322547944976,0.9409285548369146,1.2644897959183672,False,False,B
1013,37,Male,415,False,1.0039930689158068,0.9453982335485569,1.0399999999999998,False,False,B
1014,24,Male,416,False,1.0772854369166518,0.9109078597823095,1.0,False,False,B
1015,38,Female,416,False,1.1796480672559166,1.029753334462791,1.0522448979591836,False,False,B
1016,44,Female,416,False,0.9827001181927347,0.906592663334737,1.16,False,False,B
1017,41,Male,417,False,1.0436301817139657,1.0625617637887488,1.0987755102040815,False,False,B
1018,28,Male,417,False,1.0783687169337182,1.0078823412542512,1.0,False,False,B
1019,30,Male,417,False,1.1500076728392343,1.0078665481693414,1.0,False,False,B
1020,18,Male,418,False,1.0253816154979734,1.0153784611486858,1.0,False,False,A
1021,40,Female,418,False,0.8171403183025528,1.0541385405564272,1.0816326530612244,False,False,A
1022,34,Male,418,False,1.0551058759465606,1.1149082929782468,1.0130612244897956,False,False,A
1023,18,Male,418,False,0.8720180543245944,1.013051886121857,1.0,False,False,A
1024,34,Male,419,False,1.1324839255365646,0.9306689670291738,1.0130612244897956,False,False,A
1025,4,Female,419,False,0.8679241829918964,0.8918845540993751,1.0,False,False,A
1026,37,Male,420,False,0.9540791712050212,0.963193235632177,1.0399999999999998,False,False,B
1027,66,Female,420,False,0.9501766917054645,1.0208189458743107,2.057959183673469,False,False,B
1028,87,Female,420,False,0.8821042991353005,0.951177739185864,3.652244897959183,False,False,B
1029,61,Female,421,False,0.996413173630301,1.0752167939114021,1.784489795918367,False,False,B
1030,56,Female,421,False,1.0080940535774616,0.8345440259481327,1.5518367346938775,False,False,B
1031,58,Female,421,False,0.9836338576216644,1.0500328293534118,1.6399999999999997,False,False,B
1032,11,Female,422,False,0.984753507448044,1.0269139790852522,1.0,False,False,B
1033,82,Male,422,False,0.8877544699663861,0.9869519707284358,3.20734693877551,False,False,B
1034,18,Female,423,False,1.0461433518290961,0.8951022385865139,1.0,False,False,A
1035,42,Male,423,False,0.9821991062583654,0.8879084849642774,1.117551020408163,False,False,A
1036,38,Male,424,False,1.0865143494149627,1.0467514420821153,1.0522448979591836,False,False,B
1037,49,Female,424,False,0.9244115458823343,0.9279658885602183,1.29469387755102,False,False,B
1038,82,Male,425,False,1.1099246280139345,0.9631570884970924,3.20734693877551,False,False,A
1039,61,Male,425,False,1.0065771335553733,0.9169156214495926,1.784489795918367,False,False,A
1040,66,Female,425,False,0.9929861290332325,1.0120501779033932,2.057959183673469,False,False,A
1041,52,Female,426,False,1.0526845494207104,0.9489434501752203,1.3951020408163264,False,False,A
1042,74,Female,426,False,0.9545899787024046,1.058711426647746,2.580408163265306,False,False,A
1043,9,Male,427,False,0.9448671516965688,1.011939263865614,1.0,False,False,B
1044,57,Female,427,False,0.9845903119551984,0.8993474010383907,1.5951020408163266,False,False,B
1045,30,Male,428,False,0.9602309346272473,1.115885997880073,1.0,False,False,B
1046,26,Female,428,False,0.9993738845584217,1.1349900505149728,1.0,False,False,B
1047,73,Male,429,False,1.104086377751818,0.9142825771163562,2.5093877551020407,False,False,A
1048,57,Male,429,False,0.8607109555957023,1.102726366728264,1.5951020408163266,False,False,A
1049,32,Male,429,False,1.0420244480052245,0.8455918961757619,1.0032653061224488,False,False,A
1050,35,Female,429,False,0.9680635546646654,0.8887724581963066,1.020408163265306,False,False,A
1051,22,Female,430,False,1.0089139064833221,0.9227211742402829,1.0,False,False,A
1052,34,Female,430,False,0.9738144969879852,0.9208505146942041,1.0130612244897956,False,False,A
1053,65,Female,430,False,0.9991252240444097,0.9609739011255172,1.9999999999999996,False,False,A
1054,51,Female,430,False,0.8747967887077251,1.0886124740530025,1.3599999999999999,False,False,A
1055,41,Female,431,False,1.0618110841404274,1.0481988277455585,1.0987755102040815,False,False,B
1056,92,Male,431,False,0.8786192069736836,1.0270364159232686,4.137959183673469,False,False,B
1057,55,Male,431,False,1.163537379738492,0.9444134107597594,1.510204081632653,False,False,B
1058,42,Male,432,False,0.9542808317168777,0.9969737577540368,1.117551020408163,False,False,A
1059,63,Male,432,False,0.8573883459200973,0.9605141242421722,1.8889795918367347,False,False,A
1060,23,Female,432,False,0.9619445150426073,0.933547270318701,1.0,False,False,A
1061,41,Male,433,False,1.1107601873491413,1.0701906510015344,1.0987755102040815,False,False,B
1062,39,Female,433,False,0.9073001292317991,0.9186198690153006,1.0661224489795915,False,False,B
1063,94,Female,433,False,1.0300858250525655,1.016556320374722,4.343673469387755,False,False,B
1064,74,Female,434,False,1.05607357549385,0.9135465800537572,2.580408163265306,False,False,A
1065,75,Male,434,False,0.9815845625999206,0.824335944880877,2.6530612244897958,False,False,A
1066,31,Female,435,False,1.067726198761336,1.1020166571950634,1.000816326530612,False,False,A
1067,6,Male,435,False,1.0903727236514396,1.0121418629445822,1.0,False,False,A
1068,32,Female,436,False,0.9646116709584609,1.0401051356338071,1.0032653061224488,False,False,B
1069,27,Female,436,False,1.0254547531825318,1.110469952240302,1.0,False,False,B
1070,23,Male,436,False,1.1140268939170006,1.0544262363702694,1.0,False,False,B
1071,60,Female,437,False,1.1476862685490838,1.0293511463686065,1.7346938775510203,False,False,B
1072,30,Female,437,False,1.154162196512807,1.053691872030683,1.0,False,False,B
1073,33,Female,438,False,1.1561178252291224,0.9254772912687346,1.00734693877551,False,False,B
1074,39,Female,438,False,1.096055937821537,0.9568023362670688,1.0661224489795915,False,False,B
1075,52,Female,438,False,1.0290411073254337,0.9767524877479157,1.3951020408163264,False,False,B
1076,61,Female,439,False,0.9855940087440804,1.017584089127573,1.784489795918367,False,False,B
1077,68,Female,439,False,0.9902162575695879,0.9995886455928178,2.178775510204081,False,False,B
1078,21,Female,439,False,1.0183445123922819,0.9434587905238158,1.0,False,False,B
1079,32,Male,440,False,1.1021691291540263,1.0124014154611776,1.0032653061224488,False,False,B
1080,26,Female,440,False,0.8529046813460814,0.9159250747064693,1.0,False,False,B
1081,30,Male,441,False,0.908784425044177,0.9869175981816414,1.0,False,False,B
1082,87,Male,441,False,1.1849812578995316,1.1232851284626004,3.652244897959183,False,False,B
1083,35,Male,441,False,0.8906902110793654,1.1491538878402392,1.020408163265306,False,False,B
1084,24,Male,441,False,0.9479906865566647,0.8943884181518569,1.0,False,False,B
1085,4,Male,441,False,1.0004018258500749,0.946943531064719,1.0,False,False,B
1086,37,Female,442,False,0.9621871001344496,0.8406370455453985,1.0399999999999998,False,False,A
1087,26,Male,442,False,0.8535436077912061,0.8670457204805284,1.0,False,False,A
1088,39,Female,442,False,0.9107848952113368,0.8596785605584102,1.0661224489795915,False,False,A
1089,65,Male,443,False,1.016661678455653,0.9712856175838394,1.9999999999999996,False,False,A
1090,17,Female,444,False,1.0122231050607269,1.0639685790885334,1.0,False,False,B
1091,59,Female,444,False,0.8950717138209807,1.1379254630707258,1.6865306122448978,False,False,B
1092,73,Female,445,False,0.9386587913661415,1.1110003521252874,2.5093877551020407,False,False,B
1093,15,Male,446,False,0.9113294659410268,0.9094373594931713,1.0,False,False,B
1094,75,Female,447,False,1.0106908951135962,0.8394732938868498,2.6530612244897958,False,False,B
1095,51,Female,447,False,0.9060910920477487,0.9755500977804787,1.3599999999999999,False,False,B
1096,22,Male,448,False,0.9674465867628605,1.0033738011422357,1.0,False,False,B
1097,48,Female,449,False,1.1752007005489327,0.8745613564447225,1.2644897959183672,False,False,A
1098,30,Male,449,False,1.1662795393833987,0.8984150702058248,1.0,False,False,A
1099,19,Male,450,False,1.0069900842198518,0.8425585194929757,1.0,False,False,B
1100,72,Female,450,False,1.0072432375245668,1.1032627173302072,2.4399999999999995,False,False,B
1101,37,Male,451,False,0.9956654446358912,0.9601456367312428,1.0399999999999998,False,False,B
1102,54,Female,451,False,1.0359537611829612,0.8530992512764692,1.470204081632653,False,False,B
1103,79,Male,451,False,0.993045920664531,0.9773085595461708,2.96,False,False,B
1104,71,Male,452,False,1.104364061941767,0.987239751964943,2.3722448979591833,False,False,A
1105,67,Male,452,False,0.8727122767430484,1.0382683882176635,2.117551020408163,False,False,A
1106,70,Female,452,False,1.006026816751196,1.0044485617091068,2.3061224489795915,False,False,A
1107,54,Male,452,False,0.9712104603383926,0.9375980778532411,1.470204081632653,False,False,A
1108,47,Female,453,False,1.0815453127357804,1.1093261481148393,1.2359183673469387,False,False,A
1109,38,Female,453,False,0.9873622251424669,0.8562772209189464,1.0522448979591836,False,False,A
1110,68,Female,453,False,0.9592350499590632,0.9982876058832505,2.178775510204081,False,False,A
1111,67,Female,454,False,1.0543751158791916,0.9651517683976603,2.117551020408163,False,False,B
1112,14,Male,454,False,1.0143566217722415,0.9147914561785941,1.0,False,False,B
1113,5,Female,455,False,0.9634251967200387,0.8127864047831819,1.0,False,False,B
1114,33,Male,455,False,0.9927045418995581,1.0187426609269037,1.00734693877551,False,False,B
1115,34,Male,456,False,0.9736049789786017,0.9878759750971045,1.0130612244897956,False,False,A
1116,42,Female,457,False,0.9465201155289219,0.859639740485042,1.117551020408163,False,False,A
1117,19,Male,457,False,1.0336014493172183,1.0311523390653337,1.0,False,False,A
1118,33,Male,457,False,0.9134849134264196,0.9475769672666734,1.00734693877551,False,False,A
1119,5,Male,458,False,1.139182285556721,1.1757188735481359,1.0,False,False,B
1120,72,Male,458,False,1.0220859844302153,1.0838235423735898,2.4399999999999995,False,False,B
1121,76,Female,459,False,1.0238097736157066,1.122961155992004,2.7273469387755105,False,False,A
1122,54,Male,459,False,1.1042815579632417,0.8487095877155316,1.470204081632653,False,False,A
1123,42,Female,460,False,1.0244435954180502,1.0014163701763983,1.117551020408163,False,False,B
1124,21,Female,461,False,1.0357495889146056,1.051728801349276,1.0,False,False,B
1125,20,Female,461,False,1.0603223133667314,0.9064457113919598,1.0,False,False,B
1126,71,Female,462,False,0.9374884625177864,1.0064484751653953,2.3722448979591833,False,False,B
1127,44,Female,462,False,1.0410248544611695,0.9883566775225855,1.16,False,False,B
1128,24,Male,463,False,1.0350183361000405,1.1050848848148465,1.0,False,False,B
1129,10,Male,463,False,0.9263169909368022,0.9162293005420749,1.0,False,False,B
1130,73,Female,464,False,1.0052767333522623,0.9540368086188079,2.5093877551020407,False,False,B
1131,82,Male,464,False,1.0214589120816047,1.14523418152585,3.20734693877551,False,False,B
1132,46,Female,464,False,0.9882367705537247,0.9282152601208591,1.2089795918367343,False,False,B
1133,40,Female,465,False,1.0462190697881844,1.1405113372368054,1.0816326530612244,False,False,B
1134,27,Male,465,False,1.013206608499074,1.1412340123019107,1.0,False,False,B
1135,16,Female,465,False,0.9439836939457329,0.8826272307065898,1.0,False,False,B
1136,55,Female,465,False,0.8987947390837002,0.9664016041018754,1.510204081632653,False,False,B
1137,61,Female,466,False,1.0108769999941605,1.012030635391,1.784489795918367,False,False,B
1138,21,Male,466,False,0.9796302162088628,1.1100216399703131,1.0,False,False,B
1139,70,Male,467,False,1.0729438000415552,0.9210325867644688,2.3061224489795915,False,False,B
1140,17,Female,467,False,0.9792032827763891,1.07719130143134,1.0,False,False,B
1141,28,Female,468,False,0.9663346028109807,1.0697978421227392,1.0,False,False,B
1142,24,Male,468,False,0.9579677329098316,1.0956869573802497,1.0,False,False,B
1143,50,Female,469,False,0.9939947227282377,1.0039274353436833,1.3265306122448979,False,False,B
1144,78,Male,469,False,0.990702236444142,0.9647658169041662,2.8808163265306117,False,False,B
1145,10,Male,470,False,1.0578615817937134,1.0042398335044862,1.0,False,False,A
1146,53,Male,470,False,0.9025240878094181,0.9702303428378574,1.4318367346938774,False,False,A
1147,69,Male,470,False,1.1701926833765635,0.9019088003593574,2.2416326530612243,False,False,A
1148,67,Female,471,False,0.8719074404815592,1.003766334345176,2.117551020408163,False,False,A
1149,40,Male,471,False,1.0298209117649482,1.1511599318484196,1.0816326530612244,False,False,A
1150,35,Male,472,False,0.9631237795031904,0.9909412293762402,1.020408163265306,False,False,A
1151,59,Male,472,False,1.0954786185339978,1.0264926423605933,1.6865306122448978,False,False,A
1152,82,Male,473,False,0.879761592699801,1.0263307168640816,3.20734693877551,False,False,B
1153,28,Female,473,False,0.867790627248792,0.8978245926226139,1.0,False,False,B
1154,72,Male,473,False,0.8765764018261687,0.936868004925299,2.4399999999999995,False,False,B
1155,12,Female,474,False,0.9626823596884607,0.9849265993193672,1.0,False,False,B
1156,36,Female,474,False,0.9697515085832226,1.0346675854532301,1.0293877551020405,False,False,B
1157,17,Male,475,False,1.0156157410266706,1.061120277236271,1.0,False,False,A
1158,30,Female,475,False,1.039358505643799,1.1460477515121525,1.0,False,False,A
1159,26,Female,476,False,1.0217491163192494,0.9977499501275838,1.0,False,False,B
1160,96,Female,476,False,1.0984957530411374,1.149246275932127,4.555918367346939,False,False,B
1161,96,Male,476,False,0.9315435550996968,1.1392634999831008,4.555918367346939,False,False,B
1162,69,Female,476,False,1.0935372828439343,1.007733770884729,2.2416326530612243,False,False,B
1163,10,Male,477,False,1.068549818196655,0.9750250916953027,1.0,False,False,A
1164,50,Female,477,False,1.028847576088894,1.0253147327176657,1.3265306122448979,False,False,A
1165,75,Female,478,False,1.0153848985299918,1.110043367590783,2.6530612244897958,False,False,B
1166,37,Male,479,False,0.963730173304251,1.0106929989405593,1.0399999999999998,False,False,B
1167,38,Female,479,False,0.8366885203974951,0.9535794630408699,1.0522448979591836,False,False,B
1168,33,Female,480,False,1.1398107570708558,0.8717723693494154,1.00734693877551,False,False,B
1169,54,Male,480,False,0.9550657852165096,1.1052117547626812,1.470204081632653,False,False,B
1170,16,Male,481,False,0.8813331593138918,1.0422395464518737,1.0,False,False,A
1171,30,Female,481,False,0.879734464715352,1.1735313309435091,1.0,False,False,A
1172,73,Male,481,False,1.0453380126142315,0.9467478889911358,2.5093877551020407,False,False,A
1173,28,Female,482,False,1.1122551126079008,0.9522889829491459,1.0,False,False,A
1174,86,Male,482,False,0.865202951214191,1.1328090832460977,3.5599999999999996,False,False,A
1175,20,Male,482,False,1.1568872571423727,0.9948280159427976,1.0,False,False,A
1176,36,Female,483,False,1.0810975809601477,1.0616738908421883,1.0293877551020405,False,False,A
1177,57,Male,483,False,1.0150491866224995,0.9483155425736965,1.5951020408163266,False,False,A
1178,55,Female,484,False,0.9920162280457073,1.0394755822080886,1.510204081632653,False,False,B
1179,98,Female,484,False,1.1029312751505376,0.9691905648884479,4.7746938775510195,False,False,B
1180,30,Female,485,False,1.1280617947934974,1.0665945221463886,1.0,False,False,B
1181,36,Male,485,False,0.8519684832197681,0.9868435687594113,1.0293877551020405,False,False,B
1182,28,Female,486,False,0.9677090343021774,1.0164554924938547,1.0,False,False,B
1183,39,Male,486,False,1.16319574112396,0.9440365482537774,1.0661224489795915,False,False,B
1184,50,Female,486,False,0.9670231844027454,0.9862714278117162,1.3265306122448979,False,False,B
1185,21,Male,486,False,0.9130065773757835,1.0703981734734056,1.0,False,False,B
1186,39,Male,486,False,1.0144432284699945,0.9836027784725025,1.0661224489795915,False,False,B
1187,31,Female,487,False,1.005646385445329,1.0628955127304842,1.000816326530612,False,False,A
1188,60,Female,488,False,1.09456786282528,1.1241657197217623,1.7346938775510203,False,False,B
1189,54,Male,488,False,0.8464974233568555,0.9775693180468703,1.470204081632653,False,False,B
1190,61,Male,488,False,1.06873253302412,1.0454238056387641,1.784489795918367,False,False,B
1191,17,Male,488,False,1.001545435060605,0.9084891827349398,1.0,False,False,B
1192,33,Male,488,False,1.090952075334948,0.8732063969520055,1.00734693877551,False,False,B
1193,63,Female,489,False,0.9569947115136386,0.9795423777557755,1.8889795918367347,False,False,B
1194,71,Male,489,False,1.032943735731331,1.129883332180657,2.3722448979591833,False,False,B
1195,39,Male,489,False,1.0012081114805595,1.0189192204713176,1.0661224489795915,False,False,B
1196,46,Female,490,False,0.9576585445816289,0.9226502732618378,1.2089795918367343,False,False,A
1197,60,Male,490,False,1.0067724706112307,0.9920394665184615,1.7346938775510203,False,False,A
1198,14,Female,491,False,0.9207675365520447,1.065481015389754,1.0,False,False,A
1199,53,Male,491,False,1.0619570932036995,1.0239660136266975,1.4318367346938774,False,False,A
1200,21,Male,492,False,1.0703976942481739,1.0247599310816102,1.0,False,False,A
1201,9,Female,493,False,0.8649534428518125,1.0250414055689876,1.0,False,False,B
1202,25,Female,493,False,1.001919459261603,1.1126662410545087,1.0,False,False,B
1203,37,Male,493,False,1.1014732092406418,1.143607310328048,1.0399999999999998,False,False,B
1204,89,Male,494,False,1.147118836529732,0.9528597456640323,3.8416326530612235,False,False,B
1205,85,Female,495,False,1.056215206828354,1.1283391974304637,3.4693877551020407,False,False,B
1206,49,Male,495,False,1.1257862548733644,1.1152487277273733,1.29469387755102,False,False,B
1207,46,Female,496,False,0.9141137085148725,1.0772750286681714,1.2089795918367343,False,False,B
1208,18,Male,496,False,1.027001999522684,0.8734880273139749,1.0,False,False,B
1209,32,Male,497,False,1.1577210167929994,0.9054443127510393,1.0032653061224488,False,False,A
1210,68,Male,497,False,1.0219293494428523,0.9290784937215454,2.178775510204081,False,False,A
1211,18,Male,498,False,0.9984996007826505,1.1123661593592393,1.0,False,False,A
1212,29,Female,498,False,0.9986198457188491,1.1542232554582752,1.0,False,False,A
1213,28,Male,499,False,0.8631995058847027,1.009745030449138,1.0,False,False,A
1214,39,Female,499,False,1.1260727121533591,1.1502010887332268,1.0661224489795915,False,False,A
1215,28,Male,499,False,0.9388275538639594,0.892766938300505,1.0,False,False,A
1216,34,Female,499,False,1.0351867633504321,1.0802564120599962,1.0130612244897956,False,False,A
1217,35,Male,500,False,1.1510779491138634,0.8986243499065354,1.020408163265306,False,False,B
1218,7,Male,500,False,0.9813494104065444,0.8733597601962414,1.0,False,False,B
1219,23,Female,501,False,1.1275152135291104,1.0598472415207276,1.0,False,False,B
1220,49,Male,502,False,1.0998959959518555,0.8772816750404966,1.29469387755102,False,False,B
1221,47,Female,502,False,1.073626577894658,0.9147232681582192,1.2359183673469387,False,False,B
1222,6,Female,502,False,1.009490680993966,1.0707502912261797,1.0,False,False,B
1223,48,Male,503,False,0.9416768300600475,1.0196405821946215,1.2644897959183672,False,False,B
1224,58,Male,503,False,0.823051874004951,1.0714481786748005,1.6399999999999997,False,False,B
1225,29,Female,504,False,1.1149021157034393,0.971938687938343,1.0,False,False,B
1226,16,Male,505,False,0.9248495414163805,1.054287322611793,1.0,False,False,B
1227,57,Male,505,False,1.1062204834543798,1.0509104179883793,1.5951020408163266,False,False,B
1228,28,Male,505,False,0.9349442341109337,1.0670158333286088,1.0,False,False,B
1229,23,Male,506,False,0.9486428147291945,1.102400353233579,1.0,False,False,B
1230,35,Female,506,False,1.0378244512338302,0.8399864119352296,1.020408163265306,False,False,B
1231,23,Female,507,False,0.8689307979357708,0.9965927030566776,1.0,False,False,B
1232,67,Male,507,False,1.0783890121590824,0.9911717310878109,2.117551020408163,False,False,B
1233,36,Male,507,False,1.0912376732646623,0.9765374102262965,1.0293877551020405,False,False,B
1234,66,Male,507,False,1.0928665291539215,0.9827982448751389,2.057959183673469,False,False,B
1235,60,Female,508,False,1.0934837013276264,0.9423244803299148,1.7346938775510203,False,False,A
1236,91,Female,508,False,0.9776655980051684,1.007678267879861,4.037551020408164,False,False,A
1237,47,Female,508,False,0.936531412195226,1.0776399809251676,1.2359183673469387,False,False,A
1238,14,Male,509,False,1.010194569550141,0.9340788063794097,1.0,False,False,B
1239,62,Female,509,False,0.9675278415696287,1.0138622633437877,1.8359183673469386,False,False,B
1240,41,Female,510,False,0.8842817824777585,0.8676696163283004,1.0987755102040815,False,False,B
1241,61,Male,510,False,0.938056398404818,1.039692633130154,1.784489795918367,False,False,B
1242,79,Female,511,False,1.006319316206067,0.9627656119809023,2.96,False,False,B
1243,21,Male,511,False,0.9785936970886383,0.8925957710967861,1.0,False,False,B
1244,54,Male,512,False,0.9600455319270681,1.0866066373987338,1.470204081632653,False,False,B
1245,85,Female,512,False,1.062809509148046,1.0081272438446693,3.4693877551020407,False,False,B
1246,55,Male,512,False,1.045681500608437,1.156994876607809,1.510204081632653,False,False,B
1247,42,Male,512,False,1.04326529012942,1.0077742112849468,1.117551020408163,False,False,B
1248,28,Female,513,False,0.9938718340005107,0.8524992490647727,1.0,False,False,A
1249,66,Male,513,False,0.9426103532289252,0.8469014716094413,2.057959183673469,False,False,A
1250,56,Female,513,False,1.0356376424145481,0.9724396924936545,1.5518367346938775,False,False,A
1251,38,Female,514,False,1.0310308482592467,1.0365820564557633,1.0522448979591836,False,False,A
1252,22,Female,514,False,0.8106334228083766,1.009195600442004,1.0,False,False,A
1253,41,Male,514,False,0.9974559725941334,1.024009729098589,1.0987755102040815,False,False,A
1254,22,Male,515,False,1.0143893472480183,0.9758176418529716,1.0,False,False,A
1255,58,Female,515,False,1.0879161238360795,0.9540066616133,1.6399999999999997,False,False,A
1256,38,Female,515,False,0.8753334748212873,1.092856565914502,1.0522448979591836,False,False,A
1257,66,Female,516,False,0.966533573877748,0.9958438051331853,2.057959183673469,False,False,A
1258,31,Female,516,False,0.8375971056344427,1.107725917884774,1.000816326530612,False,False,A
1259,40,Male,516,False,0.9783954892678606,0.9677132979321731,1.0816326530612244,False,False,A
1260,16,Male,517,False,1.0209416152404682,1.0581053265689637,1.0,False,False,B
1261,22,Male,517,False,0.9179913273507969,1.0263111323255545,1.0,False,False,B
1262,41,Male,517,False,1.0940059930169204,1.0125272757999215,1.0987755102040815,False,False,B
1263,32,Female,518,False,0.8840267602427019,0.903201097308922,1.0032653061224488,False,False,A
1264,27,Female,518,False,1.0273891955621033,1.0091595199881922,1.0,False,False,A
1265,68,Male,518,False,0.9695586849195745,1.0122558363337497,2.178775510204081,False,False,A
1266,44,Female,519,False,1.0171753479975607,0.8379124858801894,1.16,False,False,B
1267,14,Male,520,False,0.9786616622342057,1.1303561394032708,1.0,False,False,B
1268,30,Female,520,False,0.9518451174410163,0.9668636540932327,1.0,False,False,B
1269,77,Male,520,False,1.124317628760398,1.1215989961929829,2.8032653061224484,False,False,B
1270,37,Female,521,False,0.8870059330623912,1.1482424940725402,1.0399999999999998,False,False,B
1271,36,Female,521,False,1.0708101735536597,0.8226187388819206,1.0293877551020405,False,False,B
1272,36,Male,521,False,0.8592824219288303,0.9932111281354548,1.0293877551020405,False,False,B
1273,50,Female,522,False,0.9156274274937356,1.1654648082922556,1.3265306122448979,False,False,A
1274,66,Male,522,False,1.0044469784885743,0.8275399623775404,2.057959183673469,False,False,A
1275,40,Female,523,False,1.106796389049273,1.1488763054425397,1.0816326530612244,False,False,B
1276,35,Female,523,False,1.099506364712902,0.9768094429137661,1.020408163265306,False,False,B
1277,7,Female,523,False,1.0285599195951094,0.9553465892418773,1.0,False,False,B
1278,31,Male,524,False,0.9775655028823002,1.126197041827268,1.000816326530612,False,False,B
1279,43,Female,524,False,0.9211707850504356,0.986555437204169,1.137959183673469,False,False,B
1280,25,Female,524,False,0.8302892902629135,0.9716120853816201,1.0,False,False,B
1281,40,Female,525,False,0.9119002943382295,0.9572989646645442,1.0816326530612244,False,False,A
1282,43,Female,525,False,0.8946740056096514,1.0798404305629479,1.137959183673469,False,False,A
1283,60,Male,525,False,0.9436529121551506,1.172417091528696,1.7346938775510203,False,False,A
1284,69,Female,526,False,0.9314246558897639,1.0982076708578588,2.2416326530612243,False,False,B
1285,37,Female,526,False,1.0719028939804454,0.9828382793041331,1.0399999999999998,False,False,B
1286,24,Female,526,False,0.9624925777750823,1.0570765548387286,1.0,False,False,B
1287,46,Male,527,False,0.9536151206842755,0.8723775478094673,1.2089795918367343,False,False,A
1288,35,Female,528,False,0.9411337364065026,1.094894529321319,1.020408163265306,False,False,A
1289,51,Female,528,False,1.0309952944758658,1.0322947875274398,1.3599999999999999,False,False,A
1290,55,Female,529,False,1.0633966548445617,1.1009250493408198,1.510204081632653,False,False,B
1291,12,Female,529,False,1.087180669153767,1.0487924153285433,1.0,False,False,B
1292,59,Female,530,False,1.027685460552468,0.9760115130127082,1.6865306122448978,False,False,B
1293,48,Female,530,False,0.8531828500788234,1.0560186420841948,1.2644897959183672,False,False,B
1294,66,Female,531,False,0.8955079772373853,0.9336729561556172,2.057959183673469,False,False,A
1295,88,Female,531,False,0.9946543520653806,1.0215912339044497,3.746122448979592,False,False,A
1296,17,Female,532,False,1.0823930362398262,0.9257336374082248,1.0,False,False,A
1297,42,Male,532,False,0.9439046708824178,0.9875610830689496,1.117551020408163,False,False,A
1298,23,Female,532,False,0.9869367711871896,0.926504641569454,1.0,False,False,A
1299,73,Male,533,False,1.049944026099534,1.0671112372251546,2.5093877551020407,False,False,B
1300,26,Male,533,False,0.9801725486739787,1.0324381308322295,1.0,False,False,B
1301,84,Male,534,False,1.0313699031010524,1.1146088702481083,3.3804081632653054,False,False,B
1302,20,Female,534,False,1.0672840654931623,0.9977668360828129,1.0,False,False,B
1303,21,Male,534,False,0.878546381886772,1.0726462396398906,1.0,False,False,B
1304,29,Female,535,False,1.06391249995851,0.9413115902608659,1.0,False,False,B
1305,56,Male,535,False,0.994738112787524,0.993683662274108,1.5518367346938775,False,False,B
1306,18,Male,535,False,1.045950884352596,1.1522075247896184,1.0,False,False,B
1307,37,Male,536,False,1.095003395077876,1.0947328262032043,1.0399999999999998,False,False,B
1308,52,Female,536,False,1.0956041868087796,0.930400888758615,1.3951020408163264,False,False,B
1309,23,Male,537,False,1.0651299377700743,1.0797432022130753,1.0,False,False,A
1310,22,Female,537,False,0.8199236382020588,1.167641705723834,1.0,False,False,A
1311,44,Male,538,False,1.0053986752282955,1.1275699896951978,1.16,False,False,A
1312,45,Female,538,False,0.9636420645311585,1.0191502885571277,1.1836734693877549,False,False,A
1313,54,Male,538,False,1.0461787989360252,0.9995346918143786,1.470204081632653,False,False,A
1314,12,Female,539,False,1.1522443623569731,0.9970320160474583,1.0,False,False,B
1315,72,Male,539,False,0.8253277703262292,1.0438807455857746,2.4399999999999995,False,False,B
1316,51,Female,539,False,0.972126586849911,1.0729207460572825,1.3599999999999999,False,False,B
1317,70,Male,540,False,0.916640350744598,1.1397804599654124,2.3061224489795915,False,False,A
1318,44,Male,540,False,0.9727082829899465,1.0951011456537472,1.16,False,False,A
1319,11,Female,541,False,0.9746134537050087,1.1213188747359273,1.0,False,False,B
1320,45,Male,541,False,0.9466756884694165,1.1605451661205377,1.1836734693877549,False,False,B
1321,31,Male,541,False,0.9569230103125997,1.1001905649148718,1.000816326530612,False,False,B
1322,85,Male,542,False,0.8887365529718727,0.9619285205133205,3.4693877551020407,False,False,B
1323,52,Female,542,False,0.9398918506666447,0.9960802056949316,1.3951020408163264,False,False,B
1324,53,Male,543,False,0.9810661086338281,1.014922727036613,1.4318367346938774,False,False,B
1325,41,Female,543,False,1.0272003974267077,1.0187423824179365,1.0987755102040815,False,False,B
1326,67,Male,544,False,1.0488279825431759,1.0980426880921614,2.117551020408163,False,False,A
1327,77,Female,544,False,1.0193287363499461,0.9892657074355151,2.8032653061224484,False,False,A
1328,14,Female,545,False,1.0351244969288989,1.0557120839257519,1.0,False,False,A
1329,86,Female,546,False,0.9442816066411626,0.9472672670431832,3.5599999999999996,False,False,A
1330,75,Female,547,False,1.1000121722201561,0.858949403709714,2.6530612244897958,False,False,A
1331,62,Male,547,False,1.04860648107753,0.9554211450818861,1.8359183673469386,False,False,A
1332,44,Male,548,False,1.100251500885117,0.966126550954279,1.16,False,False,A
1333,31,Male,548,False,0.9893513160600742,0.9014582217433339,1.000816326530612,False,False,A
1334,34,Female,548,False,0.8326320172745574,1.0814770983449726,1.0130612244897956,False,False,A
1335,83,Female,549,False,1.0875157449765875,1.0450191022930961,3.2930612244897954,False,False,B
1336,62,Male,549,False,0.8867332106792356,1.0616808168754674,1.8359183673469386,False,False,B
1337,51,Male,549,False,1.0151605965169392,1.085006169140842,1.3599999999999999,False,False,B
1338,5,Male,550,False,0.9867278082827846,0.9912240887350392,1.0,False,False,B
1339,28,Female,550,False,0.8873012136520408,0.8664412734737592,1.0,False,False,B
1340,24,Female,551,False,0.983382528450224,0.9149855438982869,1.0,False,False,A
1341,44,Female,551,False,0.890516045057534,1.1256374879214623,1.16,False,False,A
1342,96,Female,551,False,1.0003368389566356,1.0307116825489455,4.555918367346939,False,False,A
1343,54,Female,551,False,0.834840091326915,0.9502472381542902,1.470204081632653,False,False,A
1344,46,Male,552,False,0.9693504849984722,0.9740084326219035,1.2089795918367343,False,False,A
1345,71,Female,553,False,1.1660489833638101,0.9133609563014361,2.3722448979591833,False,False,B
1346,51,Female,553,False,1.0388053661673613,0.9388507837384129,1.3599999999999999,False,False,B
1347,43,Female,554,False,0.8347769318122058,1.0994812715080235,1.137959183673469,False,False,A
1348,25,Male,554,False,0.9526551808315042,1.0841561875126224,1.0,False,False,A
1349,37,Female,554,False,0.8851629004347377,1.071417670343419,1.0399999999999998,False,False,A
1350,65,Male,554,False,1.095119095869367,1.1011532682295666,1.9999999999999996,False,False,A
1351,94,Male,555,False,0.8989255348120305,1.0720020960383536,4.343673469387755,False,False,B
1352,22,Male,555,False,0.9240945362647947,0.9623750623093128,1.0,False,False,B
1353,19,Female,555,False,1.1373800339460653,0.8603697374702278,1.0,False,False,B
1354,39,Female,555,False,1.0613268271098746,0.9750723080895944,1.0661224489795915,False,False,B
1355,59,Female,556,False,1.1850061292972602,0.9955965317586473,1.6865306122448978,False,False,B
1356,60,Male,556,False,1.1241710530206006,0.8467805969956934,1.7346938775510203,False,False,B
1357,71,Female,556,False,1.0709307331843494,0.9480782057479619,2.3722448979591833,False,False,B
1358,66,Female,556,False,1.0880321783155342,1.070045027639267,2.057959183673469,False,False,B
1359,7,Male,557,False,0.9946872206524312,1.0643084522935795,1.0,False,False,A
1360,49,Male,557,False,0.910891599775183,1.001650649202475,1.29469387755102,False,False,A
1361,87,Female,557,False,0.8981171795859973,1.1498461684436743,3.652244897959183,False,False,A
1362,48,Female,558,False,1.1408695708061598,1.0428481753940508,1.2644897959183672,False,False,A
1363,57,Male,559,False,0.8848280063687383,1.0591961698162993,1.5951020408163266,False,False,B
1364,3,Female,559,False,1.1223725651484382,1.1775491686260988,1.0,False,False,B
1365,39,Female,559,False,0.9460941576710644,0.9726062446747659,1.0661224489795915,False,False,B
1366,77,Female,560,False,0.9809443749455061,0.9737282979838635,2.8032653061224484,False,False,A
1367,37,Female,560,False,0.9831155241147822,0.9219422048973526,1.0399999999999998,False,False,A
1368,24,Female,560,False,1.0559378967452724,0.9188687373352303,1.0,False,False,A
1369,25,Female,560,False,0.9779844354972116,0.8731496933664158,1.0,False,False,A
1370,37,Female,561,False,0.8807081599780686,1.161310779589634,1.0399999999999998,False,False,A
1371,19,Male,561,False,1.0798854528469213,0.9104312196592463,1.0,False,False,A
1372,22,Male,561,False,1.0266167860525004,1.0127902894154974,1.0,False,False,A
1373,48,Female,562,False,1.016713251589068,1.1023165747098835,1.2644897959183672,False,False,B
1374,31,Female,562,False,0.9708401933653247,0.9335912567686617,1.000816326530612,False,False,B
1375,63,Male,562,False,0.9370793231417542,0.9612521106448776,1.8889795918367347,False,False,B
1376,12,Male,562,False,0.9038105404328228,0.8801622164329391,1.0,False,False,B
1377,40,Male,563,False,0.8605937545009181,0.9589449822462834,1.0816326530612244,False,False,B
1378,11,Male,563,False,1.050670328662789,1.0260932735014576,1.0,False,False,B
1379,32,Female,564,False,1.0765121762129466,1.0673897293110712,1.0032653061224488,False,False,A
1380,72,Female,564,False,0.905950003629243,1.0240653180853925,2.4399999999999995,False,False,A
1381,71,Male,564,False,1.149677937949755,0.8923883894656978,2.3722448979591833,False,False,A
1382,55,Female,565,False,0.960267159000285,1.0099313340770295,1.510204081632653,False,False,B
1383,57,Male,566,False,1.1843420547303378,0.9301960210874425,1.5951020408163266,False,False,B
1384,61,Male,567,False,1.0629170980456382,0.9253065277664294,1.784489795918367,False,False,A
1385,58,Male,567,False,1.0624516492431795,1.1255469456508254,1.6399999999999997,False,False,A
1386,52,Female,568,False,1.0045925224142962,1.1781675880618887,1.3951020408163264,False,False,B
1387,69,Female,568,False,0.9693159029281619,1.0871956860539653,2.2416326530612243,False,False,B
1388,63,Female,568,False,0.8415246054468875,0.888982201512181,1.8889795918367347,False,False,B
1389,14,Male,568,False,1.068303750041351,1.070017345914914,1.0,False,False,B
1390,16,Female,568,False,1.0101364561761916,1.0330516395652025,1.0,False,False,B
1391,35,Male,569,False,1.0780201470829986,0.9620996323478799,1.020408163265306,False,False,B
1392,57,Female,569,False,1.1852416094040472,0.949746224978571,1.5951020408163266,False,False,B
1393,41,Male,569,False,1.0338658720906442,0.8718465732258636,1.0987755102040815,False,False,B
1394,54,Female,569,False,1.0342266511797866,0.9572331324005863,1.470204081632653,False,False,B
1395,63,Male,569,False,1.019421351855296,0.9821878383776759,1.8889795918367347,False,False,B
1396,18,Female,570,False,1.1127870062841951,0.9131349025130349,1.0,False,False,B
1397,52,Male,570,False,0.9515072977517924,0.8933762517154954,1.3951020408163264,False,False,B
1398,76,Female,570,False,1.0338806301244317,1.0301866342134085,2.7273469387755105,False,False,B
1399,15,Female,570,False,0.9714838141069652,0.9704704993390373,1.0,False,False,B
1400,25,Male,571,False,0.9858613725429733,1.0585117898458862,1.0,False,False,B
1401,62,Female,571,False,1.060774969638373,1.0304692595189295,1.8359183673469386,False,False,B
1402,56,Female,571,False,1.0135504223875418,1.0057240160084966,1.5518367346938775,False,False,B
1403,78,Male,572,False,1.0622598296366086,0.933509648067445,2.8808163265306117,False,False,A
1404,43,Male,573,False,0.9262840357294373,1.0128891507962658,1.137959183673469,False,False,B
1405,51,Male,573,False,1.1332945829320553,0.9008335279145289,1.3599999999999999,False,False,B
1406,12,Female,573,False,1.002837462565191,0.9165739622719975,1.0,False,False,B
1407,36,Male,574,False,0.946431732123242,1.0252677833215988,1.0293877551020405,False,False,B
1408,51,Female,574,False,0.9529266828421806,1.0587768517565943,1.3599999999999999,False,False,B
1409,48,Male,574,False,1.0135374635999075,0.8581108884911334,1.2644897959183672,False,False,B
1410,87,Female,575,False,1.0078415826441478,0.9883661016262064,3.652244897959183,False,False,A
1411,70,Male,575,False,0.9639329054077939,1.0537382893956038,2.3061224489795915,False,False,A
1412,14,Male,576,False,0.9336754846534355,0.9569614400742924,1.0,False,False,B
1413,14,Male,576,False,0.9716078627191518,0.8943641171108467,1.0,False,False,B
1414,41,Female,576,False,0.9654133546789351,0.9702013864952432,1.0987755102040815,False,False,B
1415,37,Male,577,False,0.9788039197179456,1.0601453594492793,1.0399999999999998,False,False,B
1416,57,Male,577,False,0.9626160731191387,0.9466294960817453,1.5951020408163266,False,False,B
1417,42,Male,578,False,0.9573018710605176,0.8923699357268735,1.117551020408163,False,False,B
1418,72,Male,578,False,1.0264428816187041,0.8821814342643225,2.4399999999999995,False,False,B
1419,45,Male,579,False,0.9751985547442368,1.0007267517355714,1.1836734693877549,False,False,A
1420,27,Male,579,False,1.0954364194138517,0.9284392678000501,1.0,False,False,A
1421,58,Male,580,False,1.0222165800835186,1.0436228522808495,1.6399999999999997,False,False,A
1422,82,Male,580,False,0.9576125518981945,0.9365260470886085,3.20734693877551,False,False,A
1423,65,Male,581,False,0.9407056512182016,0.8551619278928112,1.9999999999999996,False,False,B
1424,31,Male,581,False,1.135620203401715,0.990833544750088,1.000816326530612,False,False,B
1425,55,Male,582,False,0.9531329439793257,1.1042692880409077,1.510204081632653,False,False,A
1426,80,Female,582,False,0.9437502302819871,1.05199494321658,3.0408163265306123,False,False,A
1427,42,Male,583,False,0.8245960857062827,1.040256436557998,1.117551020408163,False,False,A
1428,88,Male,584,False,1.033387820588308,0.9761708592120948,3.746122448979592,False,False,A
1429,46,Female,584,False,0.9948605666191176,0.9830116005421203,1.2089795918367343,False,False,A
1430,38,Male,585,False,1.0616965563283438,0.9319793733119197,1.0522448979591836,False,False,B
1431,20,Female,585,False,1.1231081410605364,1.1056295774249867,1.0,False,False,B
1432,43,Female,586,False,0.9058197983844453,0.9958988293432903,1.137959183673469,False,False,A
1433,51,Female,586,False,1.114102705509099,1.0348093390709903,1.3599999999999999,False,False,A
1434,46,Female,586,False,1.0776424699347995,1.0743044987271362,1.2089795918367343,False,False,A
1435,16,Male,587,False,1.0936219397339992,1.0952324931463941,1.0,False,False,B
1436,42,Male,588,False,0.9883647318338045,1.0237729910599243,1.117551020408163,False,False,A
1437,15,Female,588,False,0.8747967008293734,1.1245368456277984,1.0,False,False,A
1438,39,Female,589,False,1.0182190177791208,1.0415312899640703,1.0661224489795915,False,False,B
1439,10,Male,589,False,1.1171107852710425,0.9384373738551792,1.0,False,False,B
1440,57,Female,589,False,1.170483101972892,1.074173773655695,1.5951020408163266,False,False,B
1441,55,Male,590,False,1.1177765243593956,0.9058119564962108,1.510204081632653,False,False,B
1442,24,Female,590,False,1.1428341688148116,1.1723286350233983,1.0,False,False,B
1443,68,Male,590,False,0.9318416229820793,1.0744921872889304,2.178775510204081,False,False,B
1444,36,Female,591,False,1.0381400607927012,0.9428372726882303,1.0293877551020405,False,False,A
1445,63,Male,591,False,0.8578425400508403,1.160326824679522,1.8889795918367347,False,False,A
1446,31,Female,592,False,0.8380705131033455,1.1185041406886729,1.000816326530612,False,False,B
1447,45,Male,592,False,0.909149006718832,0.9223592930174968,1.1836734693877549,False,False,B
1448,50,Male,593,False,0.8775630875329767,1.0553198409164053,1.3265306122448979,False,False,B
1449,44,Male,593,False,0.9292338406274911,0.9773725692905679,1.16,False,False,B
1450,52,Female,594,False,0.9563824153564802,1.1235487452073265,1.3951020408163264,False,False,A
1451,29,Female,594,False,0.9941895938478921,1.0606453550629218,1.0,False,False,A
1452,33,Female,595,False,0.9425260322859149,1.08237302550146,1.00734693877551,False,False,A
1453,37,Male,595,False,1.0136566053855094,0.9435188994670044,1.0399999999999998,False,False,A
1454,88,Female,595,False,1.001324661172277,0.9356342660672466,3.746122448979592,False,False,A
1455,48,Female,596,False,0.9844289989258022,1.0891805566324615,1.2644897959183672,False,False,A
1456,25,Female,597,False,0.9472726154382786,1.0416175877649172,1.0,False,False,A
1457,48,Male,597,False,1.0730766893590613,0.9202496124986254,1.2644897959183672,False,False,A
1458,13,Male,598,False,0.9394725918900008,0.9196903000752291,1.0,False,False,A
1459,42,Female,598,False,0.8811625146067789,1.0539832006761856,1.117551020408163,False,False,A
1460,82,Female,598,False,0.9633556006570393,1.0302423573161699,3.20734693877551,False,False,A
1461,26,Male,599,False,1.0647594502320121,0.9385114438242013,1.0,False,False,B
1462,51,Female,599,False,0.9534925460911627,1.0458588889178668,1.3599999999999999,False,False,B
1463,48,Female,600,False,1.064829345682821,0.9407237634456187,1.2644897959183672,False,False,B
1464,26,Male,600,False,0.962779594595895,0.9335206623550827,1.0,False,False,B
1465,48,Female,600,False,1.1592469021517968,1.0509503289177282,1.2644897959183672,False,False,B
1466,46,Female,600,False,0.8583891620564773,1.0379542940477837,1.2089795918367343,False,False,B
1467,48,Male,601,False,1.041093542417085,0.8728069774118905,1.2644897959183672,False,False,B
1468,40,Female,601,False,0.955076122138693,0.9119723172778499,1.0816326530612244,False,False,B
1469,56,Female,601,False,0.9310762787938928,1.1621310143389114,1.5518367346938775,False,False,B
1470,26,Female,602,False,0.979236167833576,0.9665263661954481,1.0,False,False,A
1471,43,Female,603,False,0.9857355817007738,1.021839582006443,1.137959183673469,False,False,A
1472,33,Female,603,False,1.0971120342375593,1.1201770493760015,1.00734693877551,False,False,A
1473,69,Female,604,False,1.0390976266495606,1.0396764072361322,2.2416326530612243,False,False,A
1474,32,Male,604,False,1.0825293038890635,1.0923125725213436,1.0032653061224488,False,False,A
1475,70,Female,604,False,1.0722602223394522,1.071165593876707,2.3061224489795915,False,False,A
1476,33,Female,604,False,0.9372627739143976,0.9982028476764726,1.00734693877551,False,False,A
1477,68,Male,605,False,1.0910481447691178,1.132920848370763,2.178775510204081,False,False,A
1478,16,Female,605,False,0.9071819130807196,0.9881945339894452,1.0,False,False,A
1479,18,Male,606,False,0.8653698917732375,1.0632868622983969,1.0,False,False,B
1480,24,Male,606,False,1.0239184021000396,0.948993652030302,1.0,False,False,B
1481,72,Female,607,False,1.0098273067401133,1.0623788827196816,2.4399999999999995,False,False,B
1482,14,Male,607,False,0.9208680347945636,1.153222000915305,1.0,False,False,B
1483,46,Female,607,False,1.1201386462067857,1.0972963168513945,1.2089795918367343,False,False,B
1484,62,Male,608,False,1.0778742774918646,1.0236707288270628,1.8359183673469386,False,False,B
1485,83,Female,608,False,0.9873866232762258,1.1721706270265975,3.2930612244897954,False,False,B
1486,49,Male,609,False,0.9168026605590154,0.9610153610484056,1.29469387755102,False,False,A
1487,67,Male,610,False,0.8350654251656542,0.9237676178895513,2.117551020408163,False,False,B
1488,20,Female,610,False,0.9565317499944442,0.9692138067589903,1.0,False,False,B
1489,34,Female,611,False,0.9739741199762773,0.9999876642455152,1.0130612244897956,False,False,A
1490,67,Female,611,False,1.0192259586526884,1.1220105201793245,2.117551020408163,False,False,A
1491,12,Female,612,False,1.1864964883784663,0.9923019103257118,1.0,False,False,A
1492,76,Male,612,False,0.9812778248863805,1.1684078136005684,2.7273469387755105,False,False,A
1493,19,Female,612,False,1.1003657112719178,1.0751581404214168,1.0,False,False,A
1494,49,Male,613,False,1.0189182060596331,1.046970948019835,1.29469387755102,False,False,A
1495,26,Male,613,False,1.0108394597314267,0.8672712415643653,1.0,False,False,A
1496,35,Male,613,False,0.9987496869906533,1.011484882766384,1.020408163265306,False,False,A
1497,21,Male,613,False,0.9321851220570956,1.0220127435703787,1.0,False,False,A
1498,36,Male,613,False,1.0459746623018256,0.9315590494246079,1.0293877551020405,False,False,A
1499,49,Male,614,False,1.0321740457952826,0.8250620416247382,1.29469387755102,False,False,A
1500,51,Female,615,False,0.831977288395694,1.0633881361539061,1.3599999999999999,False,False,A
1501,30,Female,615,False,0.9789100215093213,0.877530041912351,1.0,False,False,A
1502,28,Female,615,False,1.1279760289136935,0.9674184797725,1.0,False,False,A
1503,51,Female,615,False,1.0194709964922248,0.968017336984326,1.3599999999999999,False,False,A
1504,40,Female,616,False,0.9556937204483307,1.0465384163238693,1.0816326530612244,False,False,A
1505,38,Male,616,False,0.9261940702313463,1.0858232495540558,1.0522448979591836,False,False,A
1506,18,Female,616,False,1.0276991537613454,0.892694139265073,1.0,False,False,A
1507,12,Male,617,False,0.9927602013105108,1.1182237926457486,1.0,False,False,B
1508,3,Male,617,False,1.0388094922393638,1.052001338839208,1.0,False,False,B
1509,53,Female,617,False,0.9157477736512081,1.0045261580144864,1.4318367346938774,False,False,B
1510,87,Male,617,False,1.1362039114140394,1.0718908574786385,3.652244897959183,False,False,B
1511,66,Female,618,False,0.9690832598528616,1.076781108655372,2.057959183673469,False,False,B
1512,35,Female,618,False,1.0914943271929853,0.8576240803120047,1.020408163265306,False,False,B
1513,19,Male,619,False,0.9912430664116221,1.0318626393645833,1.0,False,False,A
1514,62,Male,619,False,1.0158998193495181,1.0567459802194892,1.8359183673469386,False,False,A
1515,47,Female,619,False,1.012954914738347,1.0646152690889228,1.2359183673469387,False,False,A
1516,19,Female,619,False,0.9610268808762389,0.9771466341007176,1.0,False,False,A
1517,77,Female,620,False,0.9909415769015483,1.1034217005922713,2.8032653061224484,False,False,B
1518,10,Male,620,False,0.9976521625884159,1.0439400812058728,1.0,False,False,B
1519,20,Male,620,False,0.890335659752734,1.002230918111504,1.0,False,False,B
1520,38,Male,620,False,0.9488275107233721,1.0762300059295786,1.0522448979591836,False,False,B
1521,45,Female,621,False,0.8950444382306398,1.0234412318605224,1.1836734693877549,False,False,A
1522,34,Female,621,False,0.9846252005882261,1.01817146879333,1.0130612244897956,False,False,A
1523,44,Female,621,False,1.0488789715116047,0.9839374155349759,1.16,False,False,A
1524,15,Female,622,False,0.9426709237831504,0.9695669589031367,1.0,False,False,B
1525,72,Male,622,False,0.8866221320499901,1.0305510401241464,2.4399999999999995,False,False,B
1526,52,Male,623,False,1.0161329861491863,0.9367461072135238,1.3951020408163264,False,False,A
1527,46,Female,623,False,0.9892833631465084,1.1150132251945248,1.2089795918367343,False,False,A
1528,28,Female,623,False,1.1182158407265161,1.1158524146530209,1.0,False,False,A
1529,40,Female,624,False,1.1352485322934385,0.9561697667099833,1.0816326530612244,False,False,B
1530,30,Male,624,False,0.9975622205316577,1.064150900152816,1.0,False,False,B
1531,25,Male,625,False,0.8842144718502736,1.1431525315245334,1.0,False,False,A
1532,38,Male,625,False,0.9941602200415851,0.8700614419803452,1.0522448979591836,False,False,A
1533,98,Female,625,False,1.0686470022640575,0.9293137670772355,4.7746938775510195,False,False,A
1534,44,Female,626,False,0.9604368308194082,0.9598199248052737,1.16,False,False,A
1535,64,Female,626,False,1.047438771174606,1.1299927508089318,1.9436734693877549,False,False,A
1536,4,Male,626,False,0.9912087493352861,1.0063905116213459,1.0,False,False,A
1537,22,Male,626,False,0.9053864213575199,1.0985895928831644,1.0,False,False,A
1538,43,Male,626,False,1.036707022067076,1.0812989214804143,1.137959183673469,False,False,A
1539,4,Female,627,False,1.0187856921247171,1.0655048668224194,1.0,False,False,A
1540,4,Male,627,False,1.031191651060319,1.0294462608095618,1.0,False,False,A
1541,26,Female,628,False,1.014133662587729,1.0194463059174959,1.0,False,False,B
1542,28,Male,628,False,0.9039802390779377,0.9877814102180008,1.0,False,False,B
1543,29,Male,629,False,0.9094875408610823,0.8825280484894896,1.0,False,False,A
1544,14,Male,629,False,0.9023161301555747,0.9139042885020623,1.0,False,False,A
1545,23,Female,630,False,1.008876166505174,0.9685174256657225,1.0,False,False,B
1546,31,Female,630,False,1.07180676654569,0.9157646534667304,1.000816326530612,False,False,B
1547,63,Male,631,False,0.8821884649867368,0.9336833773440489,1.8889795918367347,False,False,A
1548,61,Male,631,False,0.9526693092257624,1.103141761318613,1.784489795918367,False,False,A
1549,31,Female,631,False,0.8496341635833201,0.9939443728824646,1.000816326530612,False,False,A
1550,47,Male,631,False,1.0368918771689184,0.9976174154716311,1.2359183673469387,False,False,A
1551,38,Female,631,False,1.1329199408535575,1.0030606952743795,1.0522448979591836,False,False,A
1552,31,Male,632,False,0.9181192235403279,1.19103814176291,1.000816326530612,False,False,A
1553,19,Female,632,False,0.9598064112609007,1.0199479372622837,1.0,False,False,A
1554,58,Male,632,False,1.0282442322044343,0.9990377371550349,1.6399999999999997,False,False,A
1555,30,Female,633,False,0.9915381439414006,0.9616838827644985,1.0,False,False,A
1556,66,Male,633,False,1.0168199951104926,0.9276059287514482,2.057959183673469,False,False,A
1557,19,Male,634,False,1.0800744263184305,0.8953887180811252,1.0,False,False,B
1558,22,Male,634,False,1.0595471046958096,1.061108596852669,1.0,False,False,B
1559,22,Female,634,False,1.003991569086288,0.93961577421078,1.0,False,False,B
1560,20,Male,635,False,0.8491621174767862,0.8800322845090256,1.0,False,False,A
1561,22,Female,636,False,1.0215090453128401,1.0823919575008423,1.0,False,False,A
1562,11,Male,636,False,1.001456013532354,1.1625961075450026,1.0,False,False,A
1563,16,Male,636,False,0.8631455766325712,0.9535997308654027,1.0,False,False,A
1564,38,Male,636,False,1.0595290283987475,0.9948706848083646,1.0522448979591836,False,False,A
1565,32,Male,637,False,0.9497809005061069,0.9612022725764234,1.0032653061224488,False,False,B
1566,29,Female,637,False,0.9069184281703312,0.9065356460294325,1.0,False,False,B
1567,52,Female,638,False,0.9383161168899118,1.001481750332237,1.3951020408163264,False,False,B
1568,22,Male,638,False,1.1092282879434863,0.8687780964912086,1.0,False,False,B
1569,61,Male,638,False,0.9218576815794102,0.978798050031626,1.784489795918367,False,False,B
1570,35,Male,638,False,1.0353617875885293,0.972349454507048,1.020408163265306,False,False,B
1571,41,Male,639,False,0.9289858760215719,1.0610405553778957,1.0987755102040815,False,False,A
1572,46,Male,639,False,0.9191776742127872,1.1986091277195738,1.2089795918367343,False,False,A
1573,11,Male,639,False,1.0042964661891651,0.9903923483620378,1.0,False,False,A
1574,63,Male,640,False,0.9598949214419037,1.1947942331920316,1.8889795918367347,False,False,A
1575,83,Female,640,False,1.0978304987327152,1.001744263148624,3.2930612244897954,False,False,A
1576,38,Male,640,False,1.033865969804049,1.0503691568206774,1.0522448979591836,False,False,A
1577,40,Male,641,False,1.0482677750630462,1.1643700337259764,1.0816326530612244,False,False,A
1578,41,Female,641,False,1.1042307016049908,0.9834943243296189,1.0987755102040815,False,False,A
1579,28,Male,642,False,1.0312908807347365,1.0039334704990306,1.0,False,False,B
1580,18,Male,642,False,0.9657829006701334,1.063384999904599,1.0,False,False,B
1581,48,Female,642,False,1.0451227089133042,1.07846109205748,1.2644897959183672,False,False,B
1582,72,Female,642,False,1.0100382775926287,1.0059132911533462,2.4399999999999995,False,False,B
1583,17,Female,643,False,1.03798113009888,1.092675848694512,1.0,False,False,A
1584,73,Male,643,False,1.0338090364966077,1.1011645006413586,2.5093877551020407,False,False,A
1585,82,Male,643,False,0.9531255010948505,1.006415633985508,3.20734693877551,False,False,A
1586,16,Female,643,False,1.131373242607988,0.8532814526159438,1.0,False,False,A
1587,8,Male,644,False,1.053008069530937,0.9724676654744862,1.0,False,False,B
1588,42,Male,644,False,0.9211766761845993,0.9404229255906197,1.117551020408163,False,False,B
1589,65,Female,644,False,0.937937660364384,0.9733504961260954,1.9999999999999996,False,False,B
1590,18,Male,645,False,1.098475638281493,0.9819814896795681,1.0,False,False,A
1591,60,Female,645,False,1.0490939593271276,0.8628775223103673,1.7346938775510203,False,False,A
1592,33,Male,646,False,0.987245221725244,0.9191245328219244,1.00734693877551,False,False,B
1593,18,Male,647,False,0.9127844125456535,1.0793700132082877,1.0,False,False,B
1594,79,Female,647,False,0.9643911480173712,0.8963255987246962,2.96,False,False,B
1595,20,Male,647,False,0.8960148822174774,1.0804051049779528,1.0,False,False,B
1596,60,Male,647,False,1.0137240435006023,0.992749328113981,1.7346938775510203,False,False,B
1597,57,Male,648,False,0.9665395507090278,1.015363889380475,1.5951020408163266,False,False,A
1598,31,Male,648,False,1.0475834119649403,0.8569987211579747,1.000816326530612,False,False,A
1599,10,Female,649,False,0.8781851643141936,1.0953624857157154,1.0,False,False,A
1600,90,Male,649,False,1.0303185522907026,0.9018098376465546,3.9387755102040813,False,False,A
1601,52,Female,650,False,1.1760762307654902,0.9292306708873406,1.3951020408163264,False,False,B
1602,30,Male,650,False,1.0575702146152022,0.9899286891125088,1.0,False,False,B
1603,62,Male,650,False,0.9654963854484828,0.8938237976589855,1.8359183673469386,False,False,B
1604,66,Male,650,False,1.0346374087545904,1.1729347893624498,2.057959183673469,False,False,B
1605,29,Male,651,False,0.9823590158254565,0.9556540042924037,1.0,False,False,B
1606,30,Female,651,False,0.9271515544473382,1.1377970664496495,1.0,False,False,B
1607,31,Female,651,False,1.112383149051863,0.8108139940547295,1.000816326530612,False,False,B
1608,35,Male,652,False,1.0176987879918755,0.9053914130730226,1.020408163265306,False,False,A
1609,23,Male,652,False,1.078988244697453,1.000145158305775,1.0,False,False,A
1610,69,Female,652,False,0.866592714780958,1.1214373799468245,2.2416326530612243,False,False,A
1611,45,Female,653,False,1.031617846897857,0.9745466151584551,1.1836734693877549,False,False,A
1612,67,Male,654,False,1.0712663318407178,1.0809851067995568,2.117551020408163,False,False,A
1613,33,Male,655,False,1.004567663804247,0.9592774993726029,1.00734693877551,False,False,B
1614,16,Female,655,False,1.0328746647491147,0.9835651794471802,1.0,False,False,B
1615,27,Female,655,False,0.9940774049583885,0.9603181534941847,1.0,False,False,B
1616,6,Female,656,False,0.9846910777030484,1.0107733560767702,1.0,False,False,B
1617,40,Female,656,False,1.087355363902754,1.0585408580339593,1.0816326530612244,False,False,B
1618,46,Female,656,False,0.9438526208043728,1.0537278535680694,1.2089795918367343,False,False,B
1619,26,Female,657,False,0.9843078620944743,0.9653105262707495,1.0,False,False,A
1620,36,Male,658,False,0.9064904688937879,1.003607803219783,1.0293877551020405,False,False,A
1621,36,Female,658,False,0.9608468883931789,0.8688729174247903,1.0293877551020405,False,False,A
1622,23,Male,659,False,0.9682818927295298,1.0403953826150492,1.0,False,False,B
1623,67,Female,659,False,0.9690477374759319,0.883476152636949,2.117551020408163,False,False,B
1624,12,Female,660,False,1.004170025624631,0.891471589532113,1.0,False,False,B
1625,24,Male,660,False,0.9550764894867148,0.942046362495716,1.0,False,False,B
1626,49,Female,661,False,1.021532364633934,0.9511752649102976,1.29469387755102,False,False,B
1627,18,Male,661,False,1.0123016662829674,1.0461943079532878,1.0,False,False,B
1628,44,Female,662,False,0.9982390682113392,1.0166473219947172,1.16,False,False,A
1629,22,Male,662,False,0.9807164323598369,1.0715656898700656,1.0,False,False,A
1630,24,Female,662,False,0.8490440416419837,0.9937561681758937,1.0,False,False,A
1631,32,Female,663,False,0.9841657093501888,1.1446845300708515,1.0032653061224488,False,False,B
1632,23,Male,664,False,0.9151262510619338,0.9505442263615476,1.0,False,False,A
1633,4,Male,664,False,1.0761117350243137,1.1428592018311834,1.0,False,False,A
1634,57,Male,665,False,1.0786205736880043,1.0132994263422899,1.5951020408163266,False,False,B
1635,27,Female,665,False,0.9611786365625972,0.9998663989946788,1.0,False,False,B
1636,80,Female,665,False,0.9797773469258975,1.0904588076595474,3.0408163265306123,False,False,B
1637,15,Male,665,False,1.0406309072257067,0.9657286320282039,1.0,False,False,B
1638,28,Female,666,False,0.997200678582808,0.9627131884062125,1.0,False,False,A
1639,67,Female,667,False,0.9805987882758843,1.107833124404727,2.117551020408163,False,False,A
1640,82,Female,667,False,0.9918048527750983,1.1546565769248671,3.20734693877551,False,False,A
1641,51,Male,667,False,1.1337207509712501,0.959843156883226,1.3599999999999999,False,False,A
1642,87,Female,668,False,0.9787455779085009,0.9914361443022911,3.652244897959183,False,False,A
1643,59,Male,668,False,1.0511250789264301,1.030440032301771,1.6865306122448978,False,False,A
1644,12,Female,669,False,0.9936413349641416,1.1304736073320476,1.0,False,False,B
1645,88,Female,669,False,0.999432422430435,1.1562391596022155,3.746122448979592,False,False,B
1646,36,Female,669,False,0.9770730338141129,1.0055001211329393,1.0293877551020405,False,False,B
1647,22,Male,670,False,1.1057888440644947,0.9792200867318186,1.0,False,False,B
1648,28,Male,671,False,1.0143961114710418,0.9066036243466384,1.0,False,False,A
1649,21,Female,671,False,1.0060071190022561,1.0382096733030641,1.0,False,False,A
1650,24,Female,672,False,1.0411369637838668,1.087310605192593,1.0,False,False,A
1651,26,Male,673,False,1.01908926306556,0.9393357432038206,1.0,False,False,B
1652,68,Male,673,False,0.9618067726577496,1.1309190176422286,2.178775510204081,False,False,B
1653,27,Male,673,False,0.9131116490411826,0.9442164025875396,1.0,False,False,B
1654,74,Male,674,False,1.1009878798950299,0.8406425590943326,2.580408163265306,False,False,A
1655,53,Male,674,False,0.983701930768576,1.0902995048436588,1.4318367346938774,False,False,A
1656,53,Male,674,False,0.8674341317667774,0.9975553282862704,1.4318367346938774,False,False,A
1657,75,Male,675,False,0.9199600459265981,0.9291021943886729,2.6530612244897958,False,False,B
1658,17,Male,675,False,0.9050966432712971,0.9721122475826379,1.0,False,False,B
1659,67,Male,675,False,0.889091589349866,1.0127857639400228,2.117551020408163,False,False,B
1660,28,Female,676,False,1.0153215558541824,0.8883730135868396,1.0,False,False,B
1661,14,Female,676,False,1.0585210965715708,1.101146491938027,1.0,False,False,B
1662,57,Male,676,False,0.9602243002289063,0.9749201301000466,1.5951020408163266,False,False,B
1663,8,Female,677,False,1.0131237388961984,0.8912130994340419,1.0,False,False,A
1664,41,Male,677,False,0.9223631037906975,0.9105011769013905,1.0987755102040815,False,False,A
1665,36,Male,677,False,1.0928227890927684,1.0528549238303566,1.0293877551020405,False,False,A
1666,20,Male,678,False,0.9268712844191138,1.0788853270712964,1.0,False,False,A
1667,28,Male,679,False,0.9344128499825041,0.9935548485951592,1.0,False,False,A
1668,31,Female,680,False,1.0293603098005981,0.9914921778985835,1.000816326530612,False,False,A
1669,40,Male,680,False,1.0429371272968102,1.0583345195585574,1.0816326530612244,False,False,A
1670,66,Female,681,False,0.9428991020026798,0.9882530460609255,2.057959183673469,False,False,A
1671,48,Male,681,False,0.9865929523360916,0.903478367147994,1.2644897959183672,False,False,A
1672,27,Male,682,False,0.9976406914251892,0.8363964587347621,1.0,False,False,B
1673,49,Male,683,False,0.9944701261513964,1.0697593205630533,1.29469387755102,False,False,A
1674,29,Female,684,False,1.0142837918340026,0.9346178324098051,1.0,False,False,A
1675,81,Female,684,False,0.9010098925502807,1.0066730356792926,3.1232653061224482,False,False,A
1676,33,Male,685,False,0.9976999634443671,0.9765359929261508,1.00734693877551,False,False,A
1677,15,Male,686,False,0.9344905900578637,0.971962749690583,1.0,False,False,B
1678,56,Male,686,False,1.0691091586841814,0.9851020228982351,1.5518367346938775,False,False,B
1679,78,Female,686,False,0.9987084687456231,1.0201225654077644,2.8808163265306117,False,False,B
1680,26,Male,686,False,0.9529301673434718,1.0734978692832626,1.0,False,False,B
1681,56,Female,687,False,1.0541331455807719,0.9895259101970034,1.5518367346938775,False,False,A
1682,16,Male,687,False,0.9797519834853068,1.0199860253034139,1.0,False,False,A
1683,28,Female,688,False,1.1349335145052761,1.0845797656232257,1.0,False,False,A
1684,63,Male,688,False,1.1473210449070983,1.1416562122019582,1.8889795918367347,False,False,A
1685,21,Female,689,False,1.0764092635628235,0.8990693294199751,1.0,False,False,A
1686,58,Male,689,False,0.8684362928593298,0.9722228384562428,1.6399999999999997,False,False,A
1687,13,Female,690,False,1.0998116371871074,0.8582342626891185,1.0,False,False,A
1688,41,Female,690,False,1.1204970819359559,1.0152701277424736,1.0987755102040815,False,False,A
1689,20,Female,691,False,1.0577332646007425,1.067722035572151,1.0,False,False,B
1690,25,Female,691,False,1.071734445794542,0.8664177615164199,1.0,False,False,B
1691,46,Male,692,False,1.1260078839315308,0.9285005853952224,1.2089795918367343,False,False,B
1692,32,Male,692,False,0.8925112867140028,1.0603535998511906,1.0032653061224488,False,False,B
1693,20,Male,692,False,0.9200671802485683,0.9563381272130318,1.0,False,False,B
1694,22,Female,693,False,0.8512737594959497,1.064535465507012,1.0,False,False,A
1695,58,Female,694,False,0.9210126922617106,1.0842196786031648,1.6399999999999997,False,False,A
1696,79,Female,694,False,0.895298602179561,1.0760041486127592,2.96,False,False,A
1697,45,Female,694,False,0.960654524530709,1.0067135258424709,1.1836734693877549,False,False,A
1698,61,Female,694,False,1.1291997286168474,1.0514124141022136,1.784489795918367,False,False,A
1699,45,Female,695,False,0.909091033943798,0.8417871025861778,1.1836734693877549,False,False,B
1700,43,Female,695,False,1.022770367417066,0.997878164000227,1.137959183673469,False,False,B
1701,51,Male,695,False,0.9251212711225447,1.039646593622253,1.3599999999999999,False,False,B
1702,11,Male,696,False,1.1506298258143781,1.0122128966743806,1.0,False,False,A
1703,29,Female,697,False,0.9753967225458899,0.915001916302633,1.0,False,False,B
1704,90,Male,697,False,0.954261885338523,0.9995735422316187,3.9387755102040813,False,False,B
1705,8,Female,698,False,0.8978262547820107,0.9696263975418314,1.0,False,False,B
1706,19,Female,698,False,1.169848968085675,1.1289870279294365,1.0,False,False,B
1707,33,Female,699,False,0.9667633677623226,0.9493270007708111,1.00734693877551,False,False,A
1708,38,Female,699,False,0.9429164032118803,0.9987551420571092,1.0522448979591836,False,False,A
1709,69,Male,699,False,0.895789486989829,0.8833435614461925,2.2416326530612243,False,False,A
1710,70,Female,700,False,1.040351279983369,0.9947091990840347,2.3061224489795915,False,False,B
1711,85,Male,700,False,1.0563103937397562,1.0619193770073032,3.4693877551020407,False,False,B
1712,59,Male,701,False,1.0118187617021182,1.0142820530402288,1.6865306122448978,False,False,B
1713,39,Female,701,False,0.8715490613406746,0.9382388725808954,1.0661224489795915,False,False,B
1714,85,Female,701,False,0.9769305628732088,1.1156716313517752,3.4693877551020407,False,False,B
1715,87,Male,701,False,0.8463360449719193,1.029445251547266,3.652244897959183,False,False,B
1716,40,Female,702,False,0.8316775283080631,1.0306489310012465,1.0816326530612244,False,False,B
1717,56,Female,702,False,0.9336576573762851,1.0040731505373328,1.5518367346938775,False,False,B
1718,60,Male,703,False,0.9504530219873769,1.0387755204873945,1.7346938775510203,False,False,B
1719,22,Male,703,False,1.0517534579789571,0.8583178563601437,1.0,False,False,B
1720,73,Male,703,False,1.0335933912916688,0.9731697419950169,2.5093877551020407,False,False,B
1721,34,Male,703,False,1.0553879881727424,1.0290807163334244,1.0130612244897956,False,False,B
1722,50,Female,704,False,0.8787697911128761,1.0355019375639238,1.3265306122448979,False,False,A
1723,37,Female,704,False,0.9315628929052394,1.0042822593393699,1.0399999999999998,False,False,A
1724,46,Female,705,False,1.0414352572049093,1.0293787707410547,1.2089795918367343,False,False,A
1725,30,Female,705,False,0.9052016185150018,1.043286935773963,1.0,False,False,A
1726,26,Male,705,False,1.1897534600153756,1.0514385083688753,1.0,False,False,A
1727,69,Female,706,False,1.0487719114162304,0.9077438287303404,2.2416326530612243,False,False,B
1728,25,Female,706,False,1.025708271327517,1.1299623852903364,1.0,False,False,B
1729,60,Female,707,False,0.8836422300709851,1.0215563999456154,1.7346938775510203,False,False,A
1730,68,Male,707,False,1.0708811170754369,0.957539478750058,2.178775510204081,False,False,A
1731,12,Male,708,False,1.1086695084519744,1.076117528045671,1.0,False,False,B
1732,59,Male,708,False,0.857614447246247,1.0524773892743395,1.6865306122448978,False,False,B
1733,33,Female,709,False,0.9604255829889229,1.0387503855870097,1.00734693877551,False,False,A
1734,15,Male,709,False,0.9522936995462732,1.1088296982025478,1.0,False,False,A
1735,33,Male,709,False,0.8976281648122948,0.9380435776946163,1.00734693877551,False,False,A
1736,29,Male,710,False,1.0054832657696313,1.0455007004878896,1.0,False,False,A
1737,15,Female,711,False,1.0856706348050107,0.940397580097054,1.0,False,False,A
1738,40,Female,711,False,0.9564992053782914,1.0414998933269584,1.0816326530612244,False,False,A
1739,20,Female,711,False,1.0789609969121956,1.1123423612829173,1.0,False,False,A
1740,49,Female,711,False,1.0021550195092461,1.0831154066573776,1.29469387755102,False,False,A
1741,50,Male,712,False,0.9911620522263884,0.9921109812541591,1.3265306122448979,False,False,B
1742,32,Female,712,False,0.8674031650735254,1.1098421897633033,1.0032653061224488,False,False,B
1743,35,Female,713,False,0.9763357646048252,0.8758371723529353,1.020408163265306,False,False,A
1744,9,Female,713,False,1.0162170863574318,0.9299643247566927,1.0,False,False,A
1745,14,Female,714,False,0.9520085606319213,0.8551064612776813,1.0,False,False,B
1746,10,Male,714,False,0.933386774581614,1.1731144608095603,1.0,False,False,B
1747,19,Male,714,False,0.9514778138319289,0.9747494667164671,1.0,False,False,B
1748,23,Male,714,False,0.948138874003365,1.1391838199457636,1.0,False,False,B
1749,15,Female,715,False,0.8704179237431,0.865732254605374,1.0,False,False,B
1750,29,Male,715,False,0.9466681791251392,0.9714149668492843,1.0,False,False,B
1751,35,Male,716,False,1.1516153162619986,0.9124673575220354,1.020408163265306,False,False,A
1752,48,Female,716,False,0.9424429814158581,1.0129911985692157,1.2644897959183672,False,False,A
1753,70,Male,717,False,1.1057740132549658,0.9802624459265918,2.3061224489795915,False,False,B
1754,51,Female,717,False,0.9011653133844834,1.0604452353368745,1.3599999999999999,False,False,B
1755,66,Male,717,False,0.9427684785603444,1.02083120088491,2.057959183673469,False,False,B
1756,12,Male,718,False,0.9888589795095828,1.0044706009307904,1.0,False,False,A
1757,31,Female,718,False,1.0764675740286522,0.994877516776107,1.000816326530612,False,False,A
1758,65,Male,718,False,1.0815712810506126,1.0441184812564193,1.9999999999999996,False,False,A
1759,69,Male,718,False,1.0675040009333034,0.980777221515405,2.2416326530612243,False,False,A
1760,38,Female,719,False,1.0024433369019699,1.0138495400349499,1.0522448979591836,False,False,A
1761,69,Male,720,False,0.9606747350767595,0.9035504173478167,2.2416326530612243,False,False,A
1762,67,Male,720,False,1.0304355192366617,1.0121093155904761,2.117551020408163,False,False,A
1763,67,Female,720,False,0.9290358516641666,0.9662782203442517,2.117551020408163,False,False,A
1764,35,Male,721,False,1.0056137286022637,0.99970905032492,1.020408163265306,False,False,B
1765,23,Male,722,False,0.9959117257569357,1.1507388077643252,1.0,False,False,A
1766,48,Male,723,False,1.034342267272238,0.923557356924603,1.2644897959183672,False,False,A
1767,12,Female,723,False,0.9319220737528051,1.0866758500381954,1.0,False,False,A
1768,13,Male,724,False,0.9632181637003541,1.1126135397451156,1.0,False,False,A
1769,17,Male,724,False,1.00708042263576,1.004280207568229,1.0,False,False,A
1770,84,Male,725,False,0.8661435927300548,1.031184970105109,3.3804081632653054,False,False,B
1771,19,Male,725,False,1.0587168286994753,0.8642311655691958,1.0,False,False,B
1772,44,Female,725,False,1.031183833504132,1.1154120353162371,1.16,False,False,B
1773,54,Male,726,False,0.9904438430343524,1.0559507858693185,1.470204081632653,False,False,B
1774,90,Female,726,False,0.8762541854750958,0.8757609143608573,3.9387755102040813,False,False,B
1775,75,Male,726,False,0.8448142136400671,0.996610729428274,2.6530612244897958,False,False,B
1776,76,Male,726,False,0.950775555598198,1.0309386996654246,2.7273469387755105,False,False,B
1777,40,Female,727,False,0.9511418242821935,0.9803255645837893,1.0816326530612244,False,False,A
1778,44,Male,727,False,0.8790215760696121,0.9735037284080093,1.16,False,False,A
1779,60,Male,727,False,0.9845543320993891,1.0828273924236549,1.7346938775510203,False,False,A
1780,34,Female,727,False,0.9570097819595182,0.9821593508851189,1.0130612244897956,False,False,A
1781,66,Female,728,False,1.0037736798829822,1.028677288214853,2.057959183673469,False,False,B
1782,79,Female,729,False,1.1236927722491399,1.085407445352524,2.96,False,False,A
1783,66,Male,729,False,0.8223637260387617,0.9613883006316993,2.057959183673469,False,False,A
1784,59,Male,729,False,0.9395618712537104,1.0486986419796342,1.6865306122448978,False,False,A
1785,28,Male,730,False,0.9292694833595196,0.8582725927936853,1.0,False,False,B
1786,40,Female,730,False,0.9049005275384177,0.944393581895277,1.0816326530612244,False,False,B
1787,57,Male,731,False,0.9351643223916576,0.9640923286755634,1.5951020408163266,False,False,B
1788,27,Female,731,False,1.0261692177204436,1.1579208027747445,1.0,False,False,B
1789,76,Female,732,False,0.9346724026244193,0.9281434443507403,2.7273469387755105,False,False,A
1790,27,Female,732,False,0.9456189046708321,0.9540342691395365,1.0,False,False,A
1791,54,Male,733,False,0.9654793632588587,1.1617639437896674,1.470204081632653,False,False,A
1792,12,Male,733,False,0.9894228535092822,0.9028625336819318,1.0,False,False,A
1793,85,Male,734,False,0.9500487349251806,0.8955026729987399,3.4693877551020407,False,False,A
1794,53,Male,734,False,1.0157658194090624,0.9381227525785558,1.4318367346938774,False,False,A
1795,44,Male,735,False,0.9786739853523118,0.9563363749354417,1.16,False,False,A
1796,32,Female,735,False,0.9013613033911746,1.0632705960813893,1.0032653061224488,False,False,A
1797,44,Male,735,False,0.9125970408879415,1.0278232572685873,1.16,False,False,A
1798,23,Female,735,False,1.1610645457256343,1.0256395617806837,1.0,False,False,A
1799,17,Female,736,False,0.9403114509661643,0.9003087112174424,1.0,False,False,A
1800,48,Male,736,False,1.1077249252377308,0.9985607541494098,1.2644897959183672,False,False,A
1801,14,Female,737,False,1.07527498874857,1.1275808007630053,1.0,False,False,B
1802,42,Male,737,False,1.0133052500972388,0.9805973694053329,1.117551020408163,False,False,B
1803,53,Male,737,False,1.1261871556185103,1.0639580262138353,1.4318367346938774,False,False,B
1804,35,Male,737,False,0.9579093692695666,1.1116981957437322,1.020408163265306,False,False,B
1805,32,Female,737,False,1.0207675349533352,1.1725173888637734,1.0032653061224488,False,False,B
1806,28,Female,738,False,1.139009040445818,1.063429644226807,1.0,False,False,B
1807,79,Male,738,False,1.163864512169977,1.0823404240566934,2.96,False,False,B
1808,71,Female,739,False,1.0022621926358624,0.9493677123749582,2.3722448979591833,False,False,B
1809,40,Male,739,False,0.8941298316176951,1.037833861036626,1.0816326530612244,False,False,B
1810,68,Male,739,False,0.8323045487006459,0.9352574715482121,2.178775510204081,False,False,B
1811,17,Female,739,False,1.0742599272143794,0.841888911546445,1.0,False,False,B
1812,73,Male,740,False,1.012840655418966,1.078228281775551,2.5093877551020407,False,False,A
1813,23,Female,741,False,0.9364400724971623,1.113444429559803,1.0,False,False,B
1814,79,Female,741,False,1.035663453225077,1.1235860635645054,2.96,False,False,B
1815,33,Female,741,False,0.9833252302818806,1.0778489043692423,1.00734693877551,False,False,B
1816,23,Female,741,False,1.090387366247189,1.0801061620763497,1.0,False,False,B
1817,64,Female,742,False,1.0250177280750872,0.934454002370949,1.9436734693877549,False,False,A
1818,37,Female,742,False,1.0678170137031062,0.9060242958089352,1.0399999999999998,False,False,A
1819,73,Male,743,False,0.8613580374121316,0.9384332573298716,2.5093877551020407,False,False,B
1820,34,Female,743,False,1.0481780199146224,1.0340592652645906,1.0130612244897956,False,False,B
1821,56,Female,743,False,1.0230355823718806,1.0322337426818367,1.5518367346938775,False,False,B
1822,8,Male,744,False,1.0938978347212522,0.8905625847428589,1.0,False,False,B
1823,17,Male,744,False,0.9719321759460366,1.1246671851087038,1.0,False,False,B
1824,61,Female,745,False,0.9833716486540343,1.1088994778619126,1.784489795918367,False,False,B
1825,34,Female,745,False,1.0222178901102859,0.9621097080436805,1.0130612244897956,False,False,B
1826,34,Male,746,False,0.8325716882740316,0.9876651999040836,1.0130612244897956,False,False,A
1827,46,Female,746,False,1.108871092465522,0.9867031565736776,1.2089795918367343,False,False,A
1828,73,Male,747,False,1.0495926574005303,0.9309751937466522,2.5093877551020407,False,False,B
1829,48,Female,747,False,0.9001337470027725,0.8775546057289974,1.2644897959183672,False,False,B
1830,31,Male,748,False,1.0541955294843777,0.9610592041628688,1.000816326530612,False,False,B
1831,22,Male,748,False,0.9645518697901607,0.9748273955929971,1.0,False,False,B
1832,46,Male,749,False,1.0149370753655993,1.0685877655592968,1.2089795918367343,False,False,B
1833,25,Male,749,False,0.9233456117772764,1.0078501277949539,1.0,False,False,B
1834,47,Male,749,False,0.9950293644479578,0.826525203225702,1.2359183673469387,False,False,B
1835,48,Female,749,False,1.0627456334913026,0.9785801995165468,1.2644897959183672,False,False,B
1836,30,Female,750,False,1.1348085159083154,0.9497471400913889,1.0,False,False,A
1837,23,Female,750,False,1.042191164324046,0.8485195758686954,1.0,False,False,A
1838,52,Male,751,False,0.9884607626952503,1.1437188796702762,1.3951020408163264,False,False,B
1839,27,Male,751,False,0.9697284758030982,0.9901612854418362,1.0,False,False,B
1840,23,Female,752,False,0.9563061023109307,1.101439773189794,1.0,False,False,B
1841,53,Male,752,False,1.022389441136666,0.9586677052336721,1.4318367346938774,False,False,B
1842,17,Female,752,False,0.8971252177412885,0.9573046285834446,1.0,False,False,B
1843,53,Female,753,False,0.9522811233721138,0.8498979691984389,1.4318367346938774,False,False,B
1844,52,Female,753,False,0.9362114914912256,0.9611767256887204,1.3951020408163264,False,False,B
1845,39,Female,754,False,0.9876407088551593,1.1326740258829326,1.0661224489795915,False,False,A
1846,65,Male,754,False,1.011149196897903,0.9131080247513165,1.9999999999999996,False,False,A
1847,71,Male,754,False,0.8870023719985566,0.9972433080322283,2.3722448979591833,False,False,A
1848,46,Male,755,False,0.9484198889352653,0.9041938184593794,1.2089795918367343,False,False,A
1849,48,Male,755,False,0.8451769215161442,1.0735364232015199,1.2644897959183672,False,False,A
1850,47,Female,756,False,1.0146067539882837,0.9634290692155711,1.2359183673469387,False,False,A
1851,48,Male,756,False,1.0474354286501932,1.0316708362589035,1.2644897959183672,False,False,A
1852,58,Male,757,False,0.9925805901714834,0.9377969632198202,1.6399999999999997,False,False,B
1853,49,Male,757,False,1.119121856804541,0.9701036572036927,1.29469387755102,False,False,B
1854,25,Female,758,False,0.9402653761319334,0.9456945033686017,1.0,False,False,B
1855,27,Male,758,False,0.9632797569251996,1.1121483081763945,1.0,False,False,B
1856,91,Male,759,False,1.129127041327195,0.8513468479241355,4.037551020408164,False,False,B
1857,41,Female,759,False,1.1223425359238344,1.028767902303289,1.0987755102040815,False,False,B
1858,40,Male,759,False,0.9425658939740736,1.0781627926359731,1.0816326530612244,False,False,B
1859,33,Male,760,False,0.8733244655286925,0.9034596928562612,1.00734693877551,False,False,B
1860,55,Male,760,False,1.0913324964758553,1.0057280261686916,1.510204081632653,False,False,B
1861,27,Male,761,False,1.020315781624114,0.921554869492992,1.0,False,False,B
1862,68,Female,761,False,0.964544822095001,0.9228734733459669,2.178775510204081,False,False,B
1863,6,Male,761,False,1.020470233156964,1.0408922940757288,1.0,False,False,B
1864,47,Male,762,False,0.9854472748325862,0.8972477416953035,1.2359183673469387,False,False,B
1865,16,Female,762,False,0.9276866834249914,0.9034087175280258,1.0,False,False,B
1866,9,Female,763,False,1.0679925003905426,1.1078801340296125,1.0,False,False,B
1867,64,Male,763,False,0.912303749697344,0.9397294948868851,1.9436734693877549,False,False,B
1868,13,Female,763,False,1.0253425804456446,0.942918128263579,1.0,False,False,B
1869,42,Female,764,False,0.9568038775619955,0.9434614552012687,1.117551020408163,False,False,A
1870,67,Male,764,False,0.8103994295665197,0.9327480838892195,2.117551020408163,False,False,A
1871,95,Female,765,False,0.9277683256608871,1.0140844972750485,4.448979591836734,False,False,A
1872,37,Female,765,False,1.03814543810604,1.105185477466688,1.0399999999999998,False,False,A
1873,11,Male,765,False,1.0008420457302751,0.8999848476059711,1.0,False,False,A
1874,15,Male,766,False,1.0318887862412716,0.9197523131533268,1.0,False,False,B
1875,47,Female,766,False,0.8215394057653781,1.0610557568561703,1.2359183673469387,False,False,B
1876,67,Male,767,False,1.0847363073042022,0.9834483337007767,2.117551020408163,False,False,B
1877,64,Female,767,False,0.8938359938995477,0.9924542261700459,1.9436734693877549,False,False,B
1878,19,Male,767,False,0.8803777556249481,0.9604994189091188,1.0,False,False,B
1879,94,Female,768,False,0.9388775750758148,0.9385230430340843,4.343673469387755,False,False,B
1880,62,Male,768,False,0.9226689425626593,1.061830435025318,1.8359183673469386,False,False,B
1881,24,Female,768,False,1.0693884522834176,0.9896833673693279,1.0,False,False,B
1882,54,Male,769,False,1.0555999421204139,1.0843025157868107,1.470204081632653,False,False,B
1883,35,Female,769,False,1.0769162190748085,0.9013704444932222,1.020408163265306,False,False,B
1884,26,Male,770,False,0.8838131281030503,1.0406165378541121,1.0,False,False,B
1885,64,Male,770,False,1.0286494063483986,1.1488852732800754,1.9436734693877549,False,False,B
1886,0,Female,770,False,1.0218576781437152,1.0004347512656495,1.0,False,False,B
1887,15,Male,771,False,0.9632587277876847,1.0003794457039499,1.0,False,False,A
1888,31,Male,771,False,0.8329794551083528,1.1297702578570663,1.000816326530612,False,False,A
1889,39,Male,771,False,1.1435297848767614,1.0801950249300574,1.0661224489795915,False,False,A
1890,49,Female,772,False,1.0486291309343316,0.8115576843142496,1.29469387755102,False,False,B
1891,30,Female,772,False,0.8895918927789678,1.154232342849194,1.0,False,False,B
1892,48,Male,773,False,1.066126981831492,1.1338990569123093,1.2644897959183672,False,False,A
1893,70,Male,774,False,1.110642996583135,1.0003826875307509,2.3061224489795915,False,False,B
1894,73,Male,774,False,1.1391134879100386,0.9768551009143638,2.5093877551020407,False,False,B
1895,32,Male,774,False,1.1216485430149397,0.8858641747880276,1.0032653061224488,False,False,B
1896,5,Female,775,False,0.93228578960595,0.9624381595054619,1.0,False,False,B
1897,36,Male,775,False,1.076699571703363,0.8386435901483436,1.0293877551020405,False,False,B
1898,43,Female,775,False,0.9048855064160348,1.094638459099823,1.137959183673469,False,False,B
1899,52,Female,775,False,0.9485570942384824,1.015099297902747,1.3951020408163264,False,False,B
1900,40,Female,776,False,0.9840192945350338,1.021788463333465,1.0816326530612244,False,False,A
1901,61,Female,776,False,0.9736149561085353,0.9512959806066889,1.784489795918367,False,False,A
1902,3,Male,776,False,1.0026456438128801,1.1768847646207907,1.0,False,False,A
1903,79,Female,777,False,0.9789523939674698,1.0158953509445436,2.96,False,False,A
1904,25,Female,777,False,1.0957131399913205,1.1475402021005758,1.0,False,False,A
1905,16,Male,777,False,1.1288531968915119,0.953511477525882,1.0,False,False,A
1906,46,Female,778,False,0.9394373171112781,0.9021764396673658,1.2089795918367343,False,False,B
1907,40,Male,778,False,0.9179819221544175,1.0511456543040003,1.0816326530612244,False,False,B
1908,43,Male,778,False,0.936641447880546,1.0784142218960056,1.137959183673469,False,False,B
1909,25,Female,778,False,0.9581052551846506,0.9023866689300364,1.0,False,False,B
1910,6,Male,779,False,1.075822284820336,0.8579222193160796,1.0,False,False,A
1911,66,Female,779,False,0.957623105350113,1.1532555824281074,2.057959183673469,False,False,A
1912,32,Male,780,False,0.9787357775250035,0.9183930650824724,1.0032653061224488,False,False,A
1913,30,Female,781,False,0.931017244984389,0.9309813522012681,1.0,False,False,A
1914,45,Female,782,False,1.121569273873754,0.9052348271514437,1.1836734693877549,False,False,B
1915,46,Female,782,False,0.997982404893367,0.9557356789810345,1.2089795918367343,False,False,B
1916,75,Male,782,False,1.0122468794531239,1.0417862464406589,2.6530612244897958,False,False,B
1917,27,Male,783,False,1.1275650724036583,1.064243082633344,1.0,False,False,B
1918,49,Female,783,False,1.113400024203301,1.0385465596668237,1.29469387755102,False,False,B
1919,23,Female,783,False,1.1311126006775911,1.0064439432708252,1.0,False,False,B
1920,31,Female,784,False,1.1027546442630585,1.0685521314199655,1.000816326530612,False,False,B
1921,81,Female,784,False,1.0957036124427197,0.9173877470148005,3.1232653061224482,False,False,B
1922,23,Male,784,False,0.9447430800533593,0.9150290695592611,1.0,False,False,B
1923,88,Female,785,False,0.93726363101808,1.1113249583167102,3.746122448979592,False,False,A
1924,3,Female,785,False,1.0128195062789547,0.9837485691318731,1.0,False,False,A
1925,85,Male,786,False,1.0329982840532317,1.179474530510489,3.4693877551020407,False,False,A
1926,36,Female,786,False,1.0598229564256327,0.970325872842174,1.0293877551020405,False,False,A
1927,30,Male,787,False,0.8986464490335033,0.9617187738886596,1.0,False,False,A
1928,53,Female,788,False,0.9511669922173328,1.0431240866233504,1.4318367346938774,False,False,A
1929,76,Female,788,False,1.0938352596808336,1.029773872709539,2.7273469387755105,False,False,A
1930,26,Female,789,False,0.8216948359434028,0.9443288075635158,1.0,False,False,A
1931,51,Male,789,False,1.0337670346433583,0.8682195456723554,1.3599999999999999,False,False,A
1932,34,Male,790,False,1.0791098172589024,0.9353704537617258,1.0130612244897956,False,False,B
1933,49,Female,790,False,1.097344120511717,1.1370214055842809,1.29469387755102,False,False,B
1934,72,Male,791,False,0.9029858811751086,0.8508826305388837,2.4399999999999995,False,False,B
1935,59,Female,791,False,0.9532551924555445,1.1444553564766224,1.6865306122448978,False,False,B
1936,21,Female,792,False,0.9424629964682502,1.137286810391181,1.0,False,False,B
1937,26,Male,792,False,0.9223062717855401,0.9088956664364666,1.0,False,False,B
1938,41,Female,793,False,1.0205968822361675,0.9784533581760116,1.0987755102040815,False,False,A
1939,65,Male,793,False,1.0683435671923989,0.9592438507779897,1.9999999999999996,False,False,A
1940,54,Female,794,False,1.1234975336102466,1.0821525468641524,1.470204081632653,False,False,B
1941,10,Male,794,False,1.0644194461425596,1.0119292259572914,1.0,False,False,B
1942,42,Female,794,False,1.141059828548641,1.0035102864282701,1.117551020408163,False,False,B
1943,21,Female,795,False,0.8496427386722774,0.9883861760054513,1.0,False,False,B
1944,70,Male,795,False,0.9216011087104733,0.9966937372303663,2.3061224489795915,False,False,B
1945,52,Female,795,False,0.8383729931701807,1.0274806379058095,1.3951020408163264,False,False,B
1946,47,Female,795,False,0.8846098311592562,1.0474240386484222,1.2359183673469387,False,False,B
1947,19,Male,796,False,1.0273401477331565,1.0120902385637822,1.0,False,False,A
1948,25,Female,796,False,1.0052251790882385,0.9901112773094488,1.0,False,False,A
1949,29,Female,797,False,0.9246853180619946,0.9683797719507381,1.0,False,False,B
1950,69,Male,797,False,0.863754302744503,1.132533417248686,2.2416326530612243,False,False,B
1951,32,Male,797,False,1.047963829657653,1.0154050095714118,1.0032653061224488,False,False,B
1952,21,Male,798,False,0.9953567636721626,1.0699036308030205,1.0,False,False,A
1953,39,Female,798,False,0.9443165600741185,0.9219519802971061,1.0661224489795915,False,False,A
1954,89,Female,798,False,0.9864926781828,0.9908075407989889,3.8416326530612235,False,False,A
1955,27,Female,799,False,1.0059154008780602,1.079313231275472,1.0,False,False,B
1956,39,Female,799,False,0.972258155864564,1.1033569339688531,1.0661224489795915,False,False,B
1957,49,Female,800,False,0.8603738054233093,1.1504404280367757,1.29469387755102,False,False,B
1958,51,Female,800,False,1.0180443522700104,1.0321565209904744,1.3599999999999999,False,False,B
1959,49,Male,801,False,0.8865679734191867,0.9098956203954597,1.29469387755102,False,False,B
1960,43,Male,801,False,0.859316504964147,1.0074501290794078,1.137959183673469,False,False,B
1961,50,Male,802,False,0.9421313001672011,1.0661428230116448,1.3265306122448979,False,False,B
1962,27,Male,802,False,0.9442653996056729,1.0877900333106751,1.0,False,False,B
1963,50,Female,803,False,0.9596571016583184,1.0425407373345537,1.3265306122448979,False,False,A
1964,46,Female,803,False,1.02235286001163,0.9289386972314708,1.2089795918367343,False,False,A
1965,75,Male,804,False,1.1153940275551357,0.9432312178911062,2.6530612244897958,False,False,B
1966,64,Female,804,False,1.0353862004470025,1.0687408695901968,1.9436734693877549,False,False,B
1967,14,Male,804,False,0.9457652945793056,0.983502352128386,1.0,False,False,B
1968,26,Female,805,False,1.0174055405171867,1.143583135181191,1.0,False,False,B
1969,1,Male,805,False,0.9746066344842029,1.161013795516906,1.0,False,False,B
1970,42,Male,806,False,1.0371220925320688,1.0964949651835654,1.117551020408163,False,False,B
1971,67,Female,806,False,0.9894747688079739,0.906716757662775,2.117551020408163,False,False,B
1972,49,Male,807,False,1.0900208102449398,1.0518410661340951,1.29469387755102,False,False,A
1973,61,Female,807,False,0.9936469636091589,1.0628493387921638,1.784489795918367,False,False,A
1974,30,Female,807,False,1.04189310221508,0.9879522918907531,1.0,False,False,A
1975,52,Female,808,False,0.9893713700978617,1.058074131145843,1.3951020408163264,False,False,B
1976,23,Female,808,False,0.9966874911979131,1.0733932216530506,1.0,False,False,B
1977,60,Female,808,False,0.9678813678459521,0.9013269066682321,1.7346938775510203,False,False,B
1978,28,Male,808,False,1.0320642300783416,1.0060988738155179,1.0,False,False,B
1979,58,Female,809,False,1.1396648614582086,0.898740991183352,1.6399999999999997,False,False,A
1980,32,Female,809,False,1.1055061854846446,1.086487892238665,1.0032653061224488,False,False,A
1981,43,Female,810,False,0.8784355834013656,1.0765844042709787,1.137959183673469,False,False,B
1982,34,Female,810,False,0.9643460115410611,1.1199595308251542,1.0130612244897956,False,False,B
1983,53,Male,811,False,0.9214048891540184,0.9279568856940831,1.4318367346938774,False,False,B
1984,58,Male,811,False,0.9192636664061017,1.0127759050189293,1.6399999999999997,False,False,B
1985,77,Female,811,False,0.9626793260958613,1.0462873989809858,2.8032653061224484,False,False,B
1986,69,Male,812,False,0.971096861579952,1.0070864332387877,2.2416326530612243,False,False,A
1987,82,Female,812,False,0.9099964946347606,1.0067888595205754,3.20734693877551,False,False,A
1988,46,Male,813,False,0.9600990555048232,0.9005662930732127,1.2089795918367343,False,False,A
1989,39,Male,813,False,1.0805908444869758,0.8619131382813446,1.0661224489795915,False,False,A
1990,35,Female,813,False,1.1186892980616725,1.1944282337183065,1.020408163265306,False,False,A
1991,23,Female,814,False,1.1531390246418112,0.9615449702716721,1.0,False,False,A
1992,49,Male,814,False,0.9575804944812536,1.0662719216797445,1.29469387755102,False,False,A
1993,32,Female,815,False,1.0036475280165176,1.1021759882574331,1.0032653061224488,False,False,B
1994,16,Female,815,False,0.9829385115002246,0.9517076800770199,1.0,False,False,B
1995,28,Male,815,False,0.9618324898075463,1.1762896059299632,1.0,False,False,B
1996,87,Female,815,False,1.008405290722688,0.9069137036205716,3.652244897959183,False,False,B
1997,30,Male,816,False,0.9452822857786555,0.9524726287811414,1.0,False,False,B
1998,30,Female,816,False,0.963686344658292,1.0078035272684591,1.0,False,False,B
1999,78,Male,817,False,1.0407109832895058,1.1678829451802113,2.8808163265306117,False,False,A
2000,21,Male,817,False,0.9139944138322285,1.1209214532376792,1.0,False,False,A
2001,90,Male,817,False,0.9244322860261682,1.0066428557882687,3.9387755102040813,False,False,A
2002,58,Male,818,False,1.0151900787479147,1.1401604529423308,1.6399999999999997,False,False,A
2003,55,Male,818,False,0.906173008717154,0.8851463644385247,1.510204081632653,False,False,A
2004,32,Female,818,False,0.9118623876635176,0.8406577535741957,1.0032653061224488,False,False,A
2005,49,Female,819,False,0.9462463087200587,0.8895210279092292,1.29469387755102,False,False,A
2006,32,Male,819,False,1.0584788986246323,1.0975546552458133,1.0032653061224488,False,False,A
2007,90,Female,819,False,0.9461473658461484,0.9996034659801916,3.9387755102040813,False,False,A
2008,15,Male,819,False,0.9335566433886227,1.023668143605016,1.0,False,False,A
2009,57,Female,819,False,0.9637033652924444,0.9470447245313895,1.5951020408163266,False,False,A
2010,53,Female,820,False,1.023521930503444,1.1580476248155858,1.4318367346938774,False,False,B
2011,33,Female,820,False,1.0422356187051112,1.1533306196502517,1.00734693877551,False,False,B
2012,35,Female,820,False,1.0433662375969646,1.1173712806795448,1.020408163265306,False,False,B
2013,41,Male,821,False,1.070069585760846,1.0165805672173363,1.0987755102040815,False,False,B
2014,65,Male,821,False,0.8572528183583977,0.9461044615422113,1.9999999999999996,False,False,B
2015,82,Female,821,False,1.0244527530630803,0.9614542658758898,3.20734693877551,False,False,B
2016,77,Male,822,False,0.9142228815212675,0.9983169784397401,2.8032653061224484,False,False,A
2017,78,Female,822,False,0.9857141265035977,0.9680803550315265,2.8808163265306117,False,False,A
2018,19,Male,822,False,0.9839884865400329,0.8656580294517653,1.0,False,False,A
2019,42,Male,822,False,1.1124294422071284,0.9565841099752306,1.117551020408163,False,False,A
2020,52,Female,823,False,0.9294749642372473,1.0708241422986127,1.3951020408163264,False,False,A
2021,39,Female,823,False,1.1352245722122958,1.0056894181269116,1.0661224489795915,False,False,A
2022,69,Female,823,False,1.1676818976874266,0.8797958205604981,2.2416326530612243,False,False,A
2023,29,Male,824,False,1.0907690465177182,1.0307693100639692,1.0,False,False,B
2024,56,Male,825,False,0.9670251609748484,0.9899607928860492,1.5518367346938775,False,False,A
2025,42,Male,825,False,0.946117537116152,1.1059067816473884,1.117551020408163,False,False,A
2026,35,Male,826,False,0.9933484402342041,1.0951084692382378,1.020408163265306,False,False,A
2027,25,Male,826,False,0.986055245251017,1.045965726763174,1.0,False,False,A
2028,50,Male,827,False,1.058036241531188,1.0948398308379885,1.3265306122448979,False,False,B
2029,20,Male,827,False,0.9894951487299986,1.07665895203456,1.0,False,False,B
2030,38,Female,828,False,1.1071786292632808,1.016830715567714,1.0522448979591836,False,False,B
2031,41,Male,828,False,1.0509793630783015,0.9583388243120287,1.0987755102040815,False,False,B
2032,44,Female,829,False,1.1033253113177217,1.032917567336616,1.16,False,False,A
2033,59,Female,829,False,1.0115601439496134,0.9385999666183509,1.6865306122448978,False,False,A
2034,41,Male,829,False,0.9078408774725687,1.1610517791696855,1.0987755102040815,False,False,A
2035,70,Male,830,False,1.1688878545717707,0.9745093860388834,2.3061224489795915,False,False,B
2036,8,Female,830,False,0.9618700765840871,1.0441627219930487,1.0,False,False,B
2037,26,Male,830,False,1.0164052819593765,0.9469040985643091,1.0,False,False,B
2038,26,Female,831,False,0.9689944549658223,0.9194480360483072,1.0,False,False,B
2039,26,Female,831,False,0.9230571986595749,1.0632498379112063,1.0,False,False,B
2040,69,Male,832,False,1.0499163023992917,0.9368474813548279,2.2416326530612243,False,False,B
2041,24,Female,832,False,0.9891096222271609,0.8205167287998285,1.0,False,False,B
2042,41,Female,833,False,1.0054104500133245,0.9104049476041017,1.0987755102040815,False,False,A
2043,20,Male,833,False,0.9841076756622754,1.0969244982100412,1.0,False,False,A
2044,44,Male,834,False,1.147687146627466,0.9735565201758445,1.16,False,False,B
2045,58,Male,834,False,1.118015035508982,1.1386630436657026,1.6399999999999997,False,False,B
2046,66,Female,835,False,1.0118539278172902,0.8776616042607062,2.057959183673469,False,False,A
2047,54,Female,835,False,0.9011264831435928,1.0713408544385143,1.470204081632653,False,False,A
2048,68,Female,835,False,1.149985233393274,0.9689680308905924,2.178775510204081,False,False,A
2049,57,Female,835,False,1.031628135533071,1.0394903923528953,1.5951020408163266,False,False,A
2050,29,Male,836,False,0.9781760161755942,1.0232831643225662,1.0,False,False,A
2051,32,Male,836,False,1.0107966246817237,1.0117404809328403,1.0032653061224488,False,False,A
2052,63,Female,836,False,0.9486740941390605,1.0829021346295704,1.8889795918367347,False,False,A
2053,21,Female,837,False,0.9847391523403021,0.9556918346151002,1.0,False,False,B
2054,24,Female,837,False,1.0715523083743175,1.0278803798629033,1.0,False,False,B
2055,43,Male,838,False,0.9567586658102221,1.04081211887152,1.137959183673469,False,False,A
2056,61,Male,838,False,1.028723282157697,1.1074715354313223,1.784489795918367,True,True,A
2057,24,Female,838,False,1.0530483744726653,1.0273315165577632,1.0,False,False,A
2058,48,Female,839,False,1.134491788205772,1.144491435872522,1.2644897959183672,False,False,B
2059,36,Male,839,False,1.0546209204083947,0.887966404073418,1.0293877551020405,False,False,B
2060,28,Female,840,False,1.0264960178882496,0.9367248607018462,1.0,False,False,B
2061,15,Female,840,False,0.9294360293104248,1.0544446594944392,1.0,False,False,B
2062,44,Female,841,False,0.9704876375530957,1.058639738015005,1.16,False,False,A
2063,34,Male,841,False,0.9719086219450553,1.005476946146935,1.0130612244897956,False,False,A
2064,16,Female,841,False,1.0366688900319867,0.962040632237368,1.0,False,False,A
2065,71,Female,841,False,0.8969196226324971,0.9399893542013684,2.3722448979591833,False,False,A
2066,43,Female,842,False,0.9653426179931188,0.9118526450622533,1.137959183673469,False,False,A
2067,41,Female,842,False,1.1285899780937554,0.9536262765382354,1.0987755102040815,False,False,A
2068,45,Female,842,False,0.9280648813024339,1.0842279891115933,1.1836734693877549,False,False,A
2069,62,Male,842,False,0.9330797667457527,0.9775110743759203,1.8359183673469386,False,False,A
2070,39,Female,843,False,0.8811202473593693,1.139231468339361,1.0661224489795915,False,False,B
2071,29,Female,843,False,0.9906013086547436,1.0323794955976364,1.0,False,False,B
2072,42,Male,844,False,1.0183339042464128,0.9983605238254911,1.117551020408163,False,False,B
2073,26,Female,844,False,0.9930347124505416,0.8757378120477534,1.0,False,False,B
2074,27,Female,844,False,1.1761632683616214,1.0231108233388506,1.0,False,False,B
2075,72,Male,845,False,0.9337037610581034,0.9769505877168518,2.4399999999999995,False,False,B
2076,14,Female,845,False,1.1211513349428535,1.0509717872916782,1.0,False,False,B
2077,44,Male,845,False,1.130521918697385,0.9905092443499923,1.16,False,False,B
2078,74,Female,846,False,1.0184048136322306,0.9080118272080586,2.580408163265306,False,False,A
2079,65,Male,847,False,0.8570500945566605,0.9750812301866485,1.9999999999999996,False,False,B
2080,35,Male,847,False,0.9863193750967804,1.1058022028944692,1.020408163265306,False,False,B
2081,27,Female,848,False,0.962606177443408,0.9106080959875168,1.0,False,False,A
2082,63,Female,848,False,0.974374741196831,1.0618435395754922,1.8889795918367347,False,False,A
2083,15,Male,849,False,0.9901759497704559,1.0289227737974715,1.0,False,False,A
2084,41,Female,849,False,0.8803347512865864,0.8604464587809586,1.0987755102040815,False,False,A
2085,59,Male,850,False,1.0522698529621621,0.9299642117384384,1.6865306122448978,False,False,B
2086,10,Male,850,False,0.8549670044133658,0.9905497289014052,1.0,False,False,B
2087,37,Female,850,False,1.0572062544091456,0.8849472191408583,1.0399999999999998,False,False,B
2088,6,Female,851,False,1.0543665479512212,0.9626308919444991,1.0,False,False,A
2089,50,Male,851,False,0.9772533536939846,0.9433869064632006,1.3265306122448979,False,False,A
2090,50,Female,852,False,0.9816403408292215,0.8785042140476373,1.3265306122448979,False,False,A
2091,31,Male,852,False,1.0157982004086685,1.1055175751068151,1.000816326530612,False,False,A
2092,75,Female,852,False,0.969502279534662,0.988798567760227,2.6530612244897958,False,False,A
2093,25,Male,852,False,1.0107715129947796,1.0515604819622344,1.0,False,False,A
2094,93,Male,853,False,0.9343714660941697,1.0873537837089076,4.239999999999999,False,False,A
2095,35,Male,853,False,0.9214716075939002,0.9637449799200958,1.020408163265306,False,False,A
2096,37,Female,854,False,1.0370350551135383,1.0861921380955575,1.0399999999999998,False,False,A
2097,52,Male,854,False,1.1308001883474024,0.8503814835979057,1.3951020408163264,False,False,A
2098,77,Male,855,False,1.1159189553838569,1.058895348868405,2.8032653061224484,False,False,B
2099,22,Male,855,False,0.9955496785284421,1.1183480867128641,1.0,False,False,B
2100,40,Female,855,False,0.9778476344687007,0.8844681087982693,1.0816326530612244,False,False,B
2101,63,Female,855,False,1.0640851434352425,0.9016443303099743,1.8889795918367347,False,False,B
2102,70,Female,856,False,1.0881796663966712,0.9058784617473348,2.3061224489795915,False,False,A
2103,47,Male,856,False,1.0417136602940493,0.9179291354896798,1.2359183673469387,False,False,A
2104,29,Male,856,False,1.128314433857352,1.1518931234861283,1.0,False,False,A
2105,30,Female,857,False,1.0814582489059137,0.8686754642794015,1.0,False,False,B
2106,63,Female,857,False,1.0513368219179262,0.9832616814726259,1.8889795918367347,False,False,B
2107,10,Female,857,False,0.9150969786033276,1.0633646406088308,1.0,False,False,B
2108,20,Female,858,False,0.9792277328694956,1.0222345822604344,1.0,False,False,A
2109,33,Female,858,False,0.9641031659293015,1.0241737799725392,1.00734693877551,False,False,A
2110,47,Male,858,False,1.0360665200211054,1.042716917392705,1.2359183673469387,False,False,A
2111,92,Female,859,False,1.1151369562664175,0.9613779964322646,4.137959183673469,False,False,B
2112,63,Female,859,False,0.9183146712742826,0.9908703940281569,1.8889795918367347,False,False,B
2113,25,Female,859,False,0.9679222630837101,0.943211312031069,1.0,False,False,B
2114,48,Female,860,False,1.0642691400360276,1.0609370183259248,1.2644897959183672,False,False,B
2115,26,Female,860,False,0.8475131333564434,0.9923257780883576,1.0,False,False,B
2116,4,Male,860,False,0.922380062212444,0.8814320656142436,1.0,False,False,B
2117,18,Male,860,False,0.8606944298447332,1.0728801255507256,1.0,False,False,B
2118,47,Male,861,False,0.9409784638621692,1.0919536817804747,1.2359183673469387,False,False,A
2119,61,Female,861,False,0.9331813708314525,1.090470231903415,1.784489795918367,False,False,A
2120,70,Female,862,False,1.0490281749654187,0.9590140874820716,2.3061224489795915,False,False,B
2121,54,Male,862,False,1.0204171094910455,1.0307640282054902,1.470204081632653,False,False,B
2122,25,Male,863,False,1.0304245323085508,0.9874052606256983,1.0,False,False,B
2123,30,Male,863,False,1.0617003479395268,1.106759349535491,1.0,False,False,B
2124,26,Female,863,False,0.9952790770608524,1.0136510345082093,1.0,False,False,B
2125,96,Male,864,False,0.9907093009243053,0.9343945597825056,4.555918367346939,False,False,A
2126,32,Female,864,False,0.965259678949857,0.9316112152816688,1.0032653061224488,False,False,A
2127,55,Male,864,False,0.9080775722989805,0.9386443756179338,1.510204081632653,False,False,A
2128,33,Female,865,False,0.9328016138926475,0.9291381848214721,1.00734693877551,False,False,A
2129,88,Male,865,False,1.039030673354986,1.0556978579235865,3.746122448979592,False,False,A
2130,15,Male,865,False,0.8935161142694019,1.081692942955794,1.0,False,False,A
2131,63,Female,866,False,0.8922034948525376,1.0291826412876897,1.8889795918367347,False,False,A
2132,36,Male,866,False,1.0217187397852756,0.8525847715851103,1.0293877551020405,False,False,A
2133,75,Male,866,False,0.8672742144811466,1.097904803343963,2.6530612244897958,False,False,A
2134,73,Female,867,False,1.0781893104137097,0.8775808996047452,2.5093877551020407,False,False,B
2135,33,Female,867,False,1.1035788549961107,0.9022589840832599,1.00734693877551,False,False,B
2136,34,Male,867,False,0.9639036021199703,0.9886918982301729,1.0130612244897956,False,False,B
2137,72,Female,867,False,1.0067498411388682,1.0445764458240092,2.4399999999999995,False,False,B
2138,9,Female,868,False,0.839247324788637,1.0073545612295478,1.0,False,False,A
2139,43,Male,868,False,1.0236005323843387,1.0578776021727367,1.137959183673469,False,False,A
2140,24,Female,869,False,0.9730786869972832,1.1273921092257455,1.0,False,False,B
2141,49,Male,869,False,1.0138333432073416,0.9740258619012703,1.29469387755102,False,False,B
2142,24,Female,869,False,1.0543128562975834,1.0586555090997534,1.0,False,False,B
2143,46,Female,869,False,0.9151752166237886,1.0306457103177198,1.2089795918367343,False,False,B
2144,34,Female,870,False,1.0158903728054072,1.174612848702303,1.0130612244897956,False,False,B
2145,49,Female,870,False,1.0578964054626583,0.8907939803632545,1.29469387755102,False,False,B
2146,69,Male,871,False,0.9933388235903008,0.9905691912114319,2.2416326530612243,False,False,A
2147,41,Female,871,False,1.0361756014362569,1.0897697185930106,1.0987755102040815,False,False,A
2148,29,Female,871,False,0.9392741777994003,0.9738372177391383,1.0,False,False,A
2149,46,Female,871,False,1.142070534302561,0.8633991146754152,1.2089795918367343,False,False,A
2150,37,Female,871,False,1.0885563235405697,1.0000011882778432,1.0399999999999998,False,False,A
2151,30,Female,872,False,1.0237526382927704,0.9666361580088149,1.0,False,False,A
2152,45,Male,872,False,0.9056718755981873,1.0009792608214714,1.1836734693877549,False,False,A
2153,19,Male,872,False,1.0502534559220955,1.1218936214713109,1.0,False,False,A
2154,3,Male,873,False,0.9677348886907303,1.0219668270474922,1.0,False,False,A
2155,36,Female,873,False,1.0740237668050339,1.0134258033114691,1.0293877551020405,False,False,A
2156,53,Male,874,False,1.0051033948838155,1.0335213625426254,1.4318367346938774,False,False,B
2157,27,Female,874,False,1.1049624777564415,1.0631988861756,1.0,False,False,B
2158,13,Male,874,False,0.9798748050153717,0.8592175616399633,1.0,False,False,B
2159,42,Female,875,False,1.1282497468776045,0.9605555615493777,1.117551020408163,False,False,B
2160,53,Male,876,False,0.9396110613287129,1.0541614189246862,1.4318367346938774,False,False,A
2161,26,Female,876,False,1.000469256451069,0.8655725402100984,1.0,False,False,A
2162,29,Female,876,False,1.1212290027353036,0.9228197775853074,1.0,False,False,A
2163,43,Female,877,False,0.9161992195428303,1.0184823947342823,1.137959183673469,False,False,B
2164,23,Female,877,False,0.992461706243412,1.1096726151378833,1.0,False,False,B
2165,47,Male,878,False,0.8348722521779856,0.9919807458927361,1.2359183673469387,False,False,B
2166,51,Female,878,False,1.0125868383553358,1.0331351950503864,1.3599999999999999,False,False,B
2167,59,Female,878,False,0.9506869101764688,0.8227170617881365,1.6865306122448978,False,False,B
2168,43,Female,879,False,0.937249088949816,1.0106520814162028,1.137959183673469,False,False,B
2169,21,Female,879,False,1.1616173586950564,0.995734537933403,1.0,False,False,B
2170,12,Male,880,False,1.1164425381810807,1.0146630719428815,1.0,False,False,B
2171,54,Male,880,False,0.922660759519196,1.0069635065969778,1.470204081632653,False,False,B
2172,27,Male,881,False,0.9384910664951239,0.8593406169341072,1.0,False,False,A
2173,29,Male,881,False,1.0039612207905844,1.0472050510486104,1.0,False,False,A
2174,39,Female,882,False,1.1134707472001328,0.8337621418407657,1.0661224489795915,False,False,B
2175,8,Female,882,False,0.9488407340059895,1.0793112968875032,1.0,False,False,B
2176,59,Female,882,False,1.0574224846352827,1.0716642920128472,1.6865306122448978,False,False,B
2177,38,Female,883,False,0.9782356321467008,1.0611259096269574,1.0522448979591836,False,False,B
2178,82,Female,883,False,1.0609077200825916,1.0541432140800173,3.20734693877551,False,False,B
2179,28,Female,883,False,0.921877261202924,0.9164153869388133,1.0,False,False,B
2180,45,Female,884,False,1.192511242213547,0.9659904362260122,1.1836734693877549,False,False,B
2181,54,Male,884,False,1.129817047906696,1.0092437516568815,1.470204081632653,False,False,B
2182,27,Male,884,False,0.9551252943104587,0.9657921818271621,1.0,False,False,B
2183,17,Male,884,False,1.0284339563442992,0.8833847790383983,1.0,False,False,B
2184,58,Female,885,False,1.0242726976879957,1.002876445856357,1.6399999999999997,False,False,B
2185,56,Male,885,False,0.9619869874712336,1.14925402448505,1.5518367346938775,False,False,B
2186,58,Male,885,False,0.999578325921455,0.9084409952265503,1.6399999999999997,False,False,B
2187,31,Male,885,False,1.1437584829015386,0.8823868219393702,1.000816326530612,False,False,B
2188,20,Male,886,False,0.9074564301822933,0.9989070666225974,1.0,False,False,A
2189,44,Female,886,False,0.9266999763793575,0.9705554742867557,1.16,False,False,A
2190,76,Female,886,False,1.122231826404983,1.006712150915142,2.7273469387755105,False,False,A
2191,40,Female,887,False,1.1225313944513182,1.0439234193590217,1.0816326530612244,False,False,B
2192,18,Male,888,False,1.1168136718213584,1.0731077305292536,1.0,False,False,A
2193,59,Male,888,False,0.9641659820577627,1.1409265801143293,1.6865306122448978,False,False,A
2194,32,Male,888,False,0.9909877825672122,1.0611301752292368,1.0032653061224488,False,False,A
2195,22,Male,889,False,1.105566800671922,0.9745943045519846,1.0,False,False,B
2196,77,Male,890,False,0.8991294120181563,0.975814390227081,2.8032653061224484,False,False,B
2197,26,Female,890,False,1.0664794644036772,0.8942428534819499,1.0,False,False,B
2198,25,Female,890,False,0.9987617427392066,1.0591627909284183,1.0,False,False,B
2199,40,Male,890,False,1.077857090582468,1.148537118021566,1.0816326530612244,False,False,B
2200,43,Male,891,False,1.0685229380346772,1.0916228673728494,1.137959183673469,False,False,A
2201,34,Male,891,False,1.1001075290265567,0.9952276049623167,1.0130612244897956,False,False,A
2202,14,Male,892,False,1.008853539468898,1.0936865530984818,1.0,False,False,A
2203,46,Male,892,False,1.1399820830377758,0.8819509740191235,1.2089795918367343,False,False,A
2204,55,Female,892,False,0.8437660089102766,1.1482378755937446,1.510204081632653,False,False,A
2205,15,Male,893,False,0.9974535419591102,1.0299830817485987,1.0,False,False,B
2206,24,Female,893,False,0.9238651639467531,0.8967633230790502,1.0,False,False,B
2207,36,Female,893,False,0.8869476853771692,1.1121454952349485,1.0293877551020405,False,False,B
2208,58,Female,894,False,1.1146183990701486,1.0870022167176665,1.6399999999999997,False,False,A
2209,11,Female,894,False,1.0712911492256847,1.1577897800610564,1.0,False,False,A
2210,84,Female,894,False,0.8854030494669004,1.0102816560092411,3.3804081632653054,False,False,A
2211,70,Female,895,False,1.045425811179546,0.998123441853081,2.3061224489795915,False,False,B
2212,85,Female,895,False,1.04154874777398,0.9398449510232196,3.4693877551020407,False,False,B
2213,34,Male,896,False,0.9468154539187648,1.0446015281432355,1.0130612244897956,False,False,A
2214,64,Female,896,False,0.9783795647340708,1.0376224092246493,1.9436734693877549,False,False,A
2215,14,Male,897,False,1.0173189631473027,1.1206422404545648,1.0,False,False,B
2216,30,Male,897,False,1.0640979618622732,1.1459312400437862,1.0,False,False,B
2217,27,Male,897,False,1.007165593875066,1.058825523519335,1.0,False,False,B
2218,28,Male,898,False,0.9993257830042688,0.8269948950555923,1.0,False,False,A
2219,50,Male,899,False,1.1465550059244123,1.001676331184476,1.3265306122448979,False,False,A
2220,22,Female,900,False,0.917558701388686,1.0757387305128934,1.0,False,False,A
2221,37,Female,900,False,1.0908822474009163,1.005736754547398,1.0399999999999998,False,False,A
2222,72,Female,901,False,1.1174360245741846,1.114539302869415,2.4399999999999995,False,False,B
2223,34,Female,901,False,0.8514924821605041,0.9201921584773646,1.0130612244897956,False,False,B
2224,46,Male,902,False,1.008725517449648,0.9476568838060597,1.2089795918367343,False,False,A
2225,36,Male,902,False,0.9303624804467345,0.9895648017591925,1.0293877551020405,False,False,A
2226,65,Female,902,False,1.1114252262625919,1.1008506365466575,1.9999999999999996,False,False,A
2227,77,Male,902,False,1.1455192512396126,1.145140936136913,2.8032653061224484,False,False,A
2228,59,Male,903,False,1.0338648320723807,0.9848977726614103,1.6865306122448978,False,False,A
2229,54,Female,903,False,0.9080866259318312,0.9464119783028866,1.470204081632653,False,False,A
2230,27,Female,904,False,0.9706724455193825,1.0797424167407588,1.0,False,False,A
2231,50,Female,904,False,0.9708230751555319,1.00011724704165,1.3265306122448979,False,False,A
2232,78,Male,905,False,0.8694286979559341,1.0703059371102819,2.8808163265306117,False,False,B
2233,14,Male,905,False,0.9856766838301443,0.883065817509203,1.0,False,False,B
2234,42,Female,905,False,1.11770242681641,0.9811921038631654,1.117551020408163,False,False,B
2235,33,Female,906,False,1.0810888073513698,0.9202108484721778,1.00734693877551,False,False,A
2236,50,Female,906,False,0.9738145397412366,0.9355861588133212,1.3265306122448979,False,False,A
2237,21,Female,906,False,1.0165855665843577,1.188872813333481,1.0,False,False,A
2238,55,Female,906,False,1.0472418123694303,1.0120538200347446,1.510204081632653,False,False,A
2239,12,Female,907,False,0.8503544372508882,0.861737970762767,1.0,False,False,A
2240,41,Male,907,False,0.8865514415545138,0.9683654038050942,1.0987755102040815,False,False,A
2241,18,Male,907,False,1.0239209244938023,0.8895142683074555,1.0,False,False,A
2242,41,Female,907,False,0.9896999814702783,0.9077609666341835,1.0987755102040815,False,False,A
2243,49,Female,908,False,0.9591209415111157,1.0078299641501696,1.29469387755102,False,False,B
2244,41,Male,908,False,0.9757376242650602,1.0328022272899524,1.0987755102040815,False,False,B
2245,71,Female,909,False,1.1372004877766542,1.0435287447681818,2.3722448979591833,False,False,A
2246,34,Male,909,False,1.0055831306128133,0.9148565571855853,1.0130612244897956,False,False,A
2247,53,Female,909,False,0.9928155863955984,0.9396078497673556,1.4318367346938774,False,False,A
2248,35,Female,910,False,0.9861948058249859,0.9532554247909077,1.020408163265306,False,False,A
2249,60,Male,910,False,0.9086854029980124,1.005625317292155,1.7346938775510203,False,False,A
2250,55,Male,911,False,1.0095190755546843,1.0122577571937663,1.510204081632653,False,False,A
2251,91,Male,912,False,0.9930010543019268,1.0070406567297585,4.037551020408164,False,False,B
2252,18,Male,912,False,0.983163241404477,0.9902473587335294,1.0,False,False,B
2253,66,Male,912,False,1.0401104101684289,0.905697513139793,2.057959183673469,False,False,B
2254,64,Male,913,False,1.0490353951190534,1.0367161845423494,1.9436734693877549,False,False,A
2255,54,Male,913,False,1.0690429922825806,0.9621766083366472,1.470204081632653,False,False,A
2256,15,Male,913,False,0.9854214837009531,0.9057837517787114,1.0,False,False,A
2257,38,Female,914,False,0.9812501470880333,1.0399668111737883,1.0522448979591836,False,False,B
2258,51,Male,914,False,0.9804279791498154,0.9430981586311515,1.3599999999999999,False,False,B
2259,44,Female,914,False,1.01455491486809,0.9974552548455764,1.16,False,False,B
2260,49,Female,915,False,0.9706907827711646,0.9764645097517018,1.29469387755102,False,False,A
2261,83,Male,915,False,0.8434498607125602,0.9439386657771152,3.2930612244897954,False,False,A
2262,26,Male,916,False,1.0168283154765634,1.058353147463282,1.0,False,False,A
2263,25,Male,916,False,1.104650499887443,1.1315710208995662,1.0,False,False,A
2264,7,Female,917,False,0.9148118984284369,0.9062491911344956,1.0,False,False,A
2265,80,Male,917,False,1.0234886019769367,1.069523244090544,3.0408163265306123,False,False,A
2266,38,Male,918,False,0.9160915760773418,0.9932291048784038,1.0522448979591836,False,False,B
2267,55,Female,918,False,0.8851264466626125,1.026988568399097,1.510204081632653,False,False,B
2268,6,Female,919,False,0.9932638171485353,1.154845124206824,1.0,False,False,B
2269,42,Male,919,False,1.106111904813731,0.8893410135829662,1.117551020408163,False,False,B
2270,28,Male,920,False,0.9503335074166682,0.8222289261807253,1.0,False,False,B
2271,38,Male,920,False,0.8942025451007909,0.9169618065784338,1.0522448979591836,False,False,B
2272,17,Female,921,False,0.9012172694302526,1.061896884550871,1.0,False,False,B
2273,55,Male,921,False,1.0927103149638977,1.0636247451260792,1.510204081632653,False,False,B
2274,31,Female,922,False,1.023303075857354,1.1341963673759479,1.000816326530612,False,False,A
2275,25,Male,922,False,0.9064378329037095,1.0205910725033882,1.0,False,False,A
2276,72,Female,922,False,0.9430179250755206,0.909484109688408,2.4399999999999995,False,False,A
2277,58,Male,923,False,0.9581486812820545,0.8092260315307108,1.6399999999999997,False,False,A
2278,36,Male,923,False,0.8086531861702108,1.0682027664624756,1.0293877551020405,False,False,A
2279,16,Male,924,False,1.0077228722161424,0.9265572008250749,1.0,False,False,A
2280,13,Male,924,False,0.9702908622417515,0.8605686698207918,1.0,False,False,A
2281,48,Male,924,False,0.9669438084211288,0.992399980137761,1.2644897959183672,False,False,A
2282,52,Male,925,False,0.9391302206711528,1.048941104082307,1.3951020408163264,False,False,B
2283,11,Female,925,False,1.0130850080244005,0.9044240681189115,1.0,False,False,B
2284,34,Male,926,False,0.9211418218118068,1.0190904131202776,1.0130612244897956,False,False,B
2285,36,Male,926,False,0.857787916349994,0.9774714642732136,1.0293877551020405,False,False,B
2286,25,Male,927,False,1.1005712316897127,0.9287611338773164,1.0,False,False,B
2287,15,Female,927,False,1.1396746463193332,1.1159270776080892,1.0,False,False,B
2288,38,Female,928,False,0.8685944962150038,0.99629463497219,1.0522448979591836,False,False,B
2289,95,Female,928,False,1.0007344215822773,0.9862581988802647,4.448979591836734,False,False,B
2290,44,Male,929,False,1.0288415807814317,1.0033951198649507,1.16,False,False,A
2291,32,Male,929,False,0.9437304916677156,1.071011842213899,1.0032653061224488,False,False,A
2292,32,Male,929,False,0.9820663304279561,0.901753782665111,1.0032653061224488,False,False,A
2293,65,Male,930,False,1.1314834470888508,1.0817321351951628,1.9999999999999996,False,False,A
2294,37,Male,930,False,0.9954898996083357,0.9495880142937718,1.0399999999999998,False,False,A
2295,47,Female,931,False,0.9782099225836542,1.0663334968831761,1.2359183673469387,False,False,A
2296,65,Male,931,False,0.847977331403327,0.9413510292795642,1.9999999999999996,False,False,A
2297,63,Female,931,False,0.9324575214166556,0.9364319729639853,1.8889795918367347,False,False,A
2298,27,Male,932,False,0.9011257580321523,0.9885427926811803,1.0,False,False,B
2299,24,Female,932,False,1.1465304827081706,0.9693019509821568,1.0,False,False,B
2300,21,Male,933,False,0.9088603806793106,0.9854081802246804,1.0,False,False,B
2301,36,Male,933,False,0.9921823144033156,0.9922685009034062,1.0293877551020405,False,False,B
2302,28,Male,934,False,1.071800248904599,0.9743110921432577,1.0,False,False,A
2303,21,Male,934,False,0.9983344094714122,1.028337008304128,1.0,False,False,A
2304,79,Male,935,False,0.9020410686891668,1.1691136642043487,2.96,False,False,A
2305,4,Female,935,False,0.9012597625012374,0.9338685363537925,1.0,False,False,A
2306,17,Male,935,False,0.9368632234704983,0.9087169220915224,1.0,False,False,A
2307,94,Female,935,False,0.9222682530747627,0.9562404303667628,4.343673469387755,False,False,A
2308,62,Male,935,False,0.8826913552981595,1.0794730910655257,1.8359183673469386,False,False,A
2309,73,Male,936,False,1.0523076269481595,0.8391117684998667,2.5093877551020407,False,False,B
2310,19,Male,936,False,1.0006403473931689,0.9840037979763496,1.0,False,False,B
2311,42,Male,937,False,1.0641706653298124,0.9618144263427229,1.117551020408163,False,False,B
2312,22,Male,937,False,0.9597761670196553,1.0128522531297584,1.0,False,False,B
2313,14,Female,937,False,1.041502301918635,1.0335227787205201,1.0,False,False,B
2314,84,Female,938,False,0.9926179876729566,1.0922705684463156,3.3804081632653054,False,False,A
2315,27,Female,938,False,0.8368248043615157,0.9288962593283988,1.0,False,False,A
2316,24,Female,938,False,1.0048582339474625,0.9152617547219709,1.0,False,False,A
2317,59,Female,939,False,1.1401232141091415,1.151779968121856,1.6865306122448978,False,False,A
2318,36,Male,939,False,1.0054639064791164,0.8402420290066825,1.0293877551020405,False,False,A
2319,72,Male,940,False,0.947024704637273,0.8866907616368531,2.4399999999999995,False,False,A
2320,15,Female,940,False,0.9828712487762964,1.0571551962351635,1.0,False,False,A
2321,36,Female,941,False,0.9280867538900046,0.8662421246468862,1.0293877551020405,False,False,A
2322,23,Female,941,False,1.0923792270577133,1.1340475360398479,1.0,False,False,A
2323,21,Female,941,False,1.108642132872198,1.0513610518000962,1.0,False,False,A
2324,35,Female,941,False,1.019912020578537,1.0516849891501927,1.020408163265306,False,False,A
2325,41,Male,942,False,1.0883894792141964,0.909377286816095,1.0987755102040815,False,False,A
2326,40,Male,942,False,0.9687256031026596,0.9408209928612594,1.0816326530612244,False,False,A
2327,24,Female,942,False,1.1047494838591758,0.9810094404814719,1.0,False,False,A
2328,46,Male,943,False,0.9525836061023505,1.0150309429219553,1.2089795918367343,False,False,A
2329,56,Female,943,False,1.049300208065946,1.0167479858433588,1.5518367346938775,False,False,A
2330,20,Female,944,False,0.9004794680669358,0.99195576505551,1.0,False,False,B
2331,28,Male,944,False,0.9478103674801529,0.9832142325729576,1.0,False,False,B
2332,27,Female,945,False,1.0597964009476186,1.0164811647644993,1.0,False,False,B
2333,18,Male,945,False,0.9913502735507974,1.1684188760599516,1.0,False,False,B
2334,77,Female,945,False,0.8988004505006653,1.1709445095078401,2.8032653061224484,False,False,B
2335,13,Female,945,False,1.104696995757742,1.0937232509032282,1.0,False,False,B
2336,20,Male,946,False,0.9705385766833395,0.9757354973191721,1.0,False,False,B
2337,78,Female,946,False,1.1336587346215172,0.9780174792037086,2.8808163265306117,False,False,B
2338,54,Male,947,False,0.927032991687462,0.990323421540638,1.470204081632653,False,False,A
2339,25,Male,947,False,1.0203995899814065,1.0083817500130066,1.0,False,False,A
2340,74,Male,947,False,1.0989733576173504,0.9950478114115747,2.580408163265306,False,False,A
2341,88,Male,948,False,0.9531321344981705,1.0547101565416996,3.746122448979592,False,False,B
2342,34,Male,948,False,1.0942362725205932,1.0244585823540227,1.0130612244897956,False,False,B
2343,24,Male,948,False,0.91685524466296,0.8780264528692372,1.0,False,False,B
2344,84,Male,948,False,0.904626507185249,0.9838221600496977,3.3804081632653054,False,False,B
2345,80,Male,949,False,1.0769584796547278,0.9012388698324357,3.0408163265306123,False,False,A
2346,55,Female,949,False,1.1473783570009408,0.9991657961115383,1.510204081632653,False,False,A
2347,26,Male,949,False,0.991294123719817,0.9969406756154571,1.0,False,False,A
2348,55,Male,949,False,0.9797456091332575,0.9029518373033814,1.510204081632653,False,False,A
2349,15,Female,949,False,0.846853576794633,0.85712900341303,1.0,False,False,A
2350,73,Male,950,False,1.1424252761341362,1.0782106023946552,2.5093877551020407,False,False,B
2351,59,Male,950,False,1.0098158392764647,1.0394435329078222,1.6865306122448978,False,False,B
2352,6,Male,950,False,1.037304988805545,1.150495738417904,1.0,False,False,B
2353,48,Female,950,False,1.0399865653988716,1.0935796322542126,1.2644897959183672,False,False,B
2354,36,Female,951,False,0.9782386199073513,0.9183814589252538,1.0293877551020405,False,False,A
2355,51,Female,951,False,0.987591287717302,0.9906487490486737,1.3599999999999999,False,False,A
2356,62,Female,951,False,1.0799104406423887,0.848004534450946,1.8359183673469386,False,False,A
2357,35,Female,952,False,0.974562401759337,0.9881281634037995,1.020408163265306,False,False,B
2358,68,Male,952,False,0.8618628748827764,1.0582802889464054,2.178775510204081,False,False,B
2359,93,Female,953,False,0.8827055585892314,0.9635850648546516,4.239999999999999,False,False,A
2360,36,Female,953,False,1.0018142027747992,1.0003405519349218,1.0293877551020405,False,False,A
2361,47,Female,953,False,0.854731863902834,0.833606998444241,1.2359183673469387,False,False,A
2362,87,Male,954,False,1.0853939679872115,1.111136300464709,3.652244897959183,False,False,B
2363,59,Female,954,False,0.9832179685850178,1.1460439979175328,1.6865306122448978,False,False,B
2364,54,Male,954,False,1.0621771127826527,0.914101815624685,1.470204081632653,False,False,B
2365,5,Female,955,False,0.9710365992328326,0.9087042095736949,1.0,False,False,A
2366,28,Female,956,False,0.9387903753167578,1.1266755115909477,1.0,False,False,A
2367,34,Female,957,False,0.8874243625075419,1.0939842280605352,1.0130612244897956,False,False,A
2368,57,Female,957,False,0.9738552281172038,1.0110364028349998,1.5951020408163266,False,False,A
2369,59,Male,958,False,1.0061539770393506,1.0257816892933493,1.6865306122448978,False,False,A
2370,23,Male,958,False,0.9180837209543292,0.9415583807991312,1.0,False,False,A
2371,9,Male,958,False,0.9448405092729251,1.017618859932223,1.0,False,False,A
2372,15,Female,959,False,1.0092368825789928,1.0219398107301503,1.0,False,False,A
2373,18,Male,959,False,0.961180142508385,0.9383384502250163,1.0,False,False,A
2374,53,Female,960,False,0.9944138461454992,0.9208940064047193,1.4318367346938774,False,False,A
2375,38,Male,960,False,1.0058529332373127,1.1044136478948365,1.0522448979591836,False,False,A
2376,80,Female,960,False,1.018785122232181,0.9980034354955893,3.0408163265306123,False,False,A
2377,98,Male,961,False,1.0194229221730498,1.1403673349022148,4.7746938775510195,False,False,A
2378,51,Female,961,False,1.0448189988808818,1.0633103581985335,1.3599999999999999,False,False,A
2379,42,Female,961,False,1.1576098211767547,1.0004427650871355,1.117551020408163,False,False,A
2380,18,Female,961,False,0.9318131456370815,0.9077147564456215,1.0,False,False,A
2381,10,Female,962,False,1.0748717780699812,0.8885845480636543,1.0,False,False,B
2382,38,Female,962,False,1.1306041205062045,1.0672436289793992,1.0522448979591836,False,False,B
2383,39,Female,963,False,0.8745909626032504,0.9822657952029415,1.0661224489795915,False,False,B
2384,51,Male,963,False,1.0188195879959288,1.133671083232071,1.3599999999999999,False,False,B
2385,12,Female,963,False,1.042138689908444,1.0040653490500675,1.0,False,False,B
2386,39,Female,963,False,0.9929625934659316,1.0254636702181124,1.0661224489795915,False,False,B
2387,57,Male,964,False,0.9258068340672321,1.145240001186127,1.5951020408163266,False,False,B
2388,27,Female,964,False,1.1357168327221971,1.1197443542714567,1.0,False,False,B
2389,37,Female,964,False,0.9448667356429189,0.9994632692810078,1.0399999999999998,False,False,B
2390,62,Female,964,False,0.86613829244202,0.9894946715699523,1.8359183673469386,False,False,B
2391,75,Male,965,False,1.136222524755714,1.087311339712628,2.6530612244897958,False,False,B
2392,75,Female,965,False,1.0238690487441429,0.9930789001991738,2.6530612244897958,False,False,B
2393,44,Male,965,False,0.9579240811639758,0.8697014204989347,1.16,False,False,B
2394,98,Male,966,False,0.8955392204032596,0.9997462388770946,4.7746938775510195,False,False,A
2395,1,Male,966,False,1.0255832882284905,0.9289045415006724,1.0,False,False,A
2396,58,Male,967,False,0.948471783690573,0.9214872093384218,1.6399999999999997,False,False,A
2397,22,Female,967,False,1.0195089397033472,0.941704438089549,1.0,False,False,A
2398,39,Female,968,False,0.9783092361790602,1.058883979597298,1.0661224489795915,False,False,B
2399,82,Male,968,False,1.1055986918272447,1.0270617148286645,3.20734693877551,False,False,B
2400,56,Male,968,False,1.0011559278680051,0.8773770654009441,1.5518367346938775,False,False,B
2401,7,Male,969,False,0.9307427423923151,0.8801691899426085,1.0,False,False,B
2402,30,Male,969,False,0.8470579650562862,0.9371476108215803,1.0,False,False,B
2403,55,Female,970,False,1.0606076758659007,1.0627538358196091,1.510204081632653,False,False,B
2404,23,Male,970,False,0.9808139105863217,0.9665626543429017,1.0,False,False,B
2405,76,Male,971,False,0.9452707464156268,0.9259473834107811,2.7273469387755105,False,False,B
2406,12,Male,971,False,0.9361046669008712,1.1440418448376877,1.0,False,False,B
2407,36,Male,972,False,0.919242152568944,1.0192207651955327,1.0293877551020405,False,False,A
2408,12,Male,972,False,1.033045633641084,1.0183493880430454,1.0,False,False,A
2409,50,Male,973,False,0.9227476419976213,0.8371892063631701,1.3265306122448979,False,False,A
2410,53,Male,973,False,1.0108284172141526,1.1063632207163514,1.4318367346938774,False,False,A
2411,18,Female,973,False,0.9624665751522442,0.9398088638784037,1.0,False,False,A
2412,55,Male,973,False,1.007226222596362,0.9430144439472538,1.510204081632653,False,False,A
2413,17,Male,974,False,1.0308799372823123,1.1435158778418975,1.0,False,False,B
2414,24,Male,974,False,1.0545893475382193,0.9896770885855981,1.0,False,False,B
2415,20,Female,975,False,0.9632936491271227,1.0211740571862082,1.0,False,False,A
2416,67,Male,975,False,0.8998732362807118,0.9628912378497986,2.117551020408163,False,False,A
2417,29,Male,976,False,0.9500956975100254,1.0144978047115685,1.0,False,False,A
2418,17,Female,976,False,0.9915921031833976,0.9406700185477035,1.0,False,False,A
2419,7,Female,977,False,1.097151103563318,0.9070771968361369,1.0,False,False,B
2420,19,Female,977,False,0.9343057712405685,0.9599717793337451,1.0,False,False,B
2421,60,Male,977,False,1.0210740898273305,0.9174471800350237,1.7346938775510203,False,False,B
2422,54,Male,977,False,0.9154621335281986,0.9575249965312201,1.470204081632653,False,False,B
2423,20,Female,978,False,1.0477107027873132,1.0067293696734319,1.0,False,False,B
2424,29,Female,978,False,1.059230083730107,1.057927870092,1.0,False,False,B
2425,54,Female,978,False,0.9163833866759074,0.9154753005863653,1.470204081632653,False,False,B
2426,42,Male,979,False,1.0297036552716032,0.9753677180405574,1.117551020408163,False,False,B
2427,52,Female,979,False,1.024722932911564,1.1159680520290018,1.3951020408163264,False,False,B
2428,76,Female,979,False,0.9306880363911779,0.9743252911334516,2.7273469387755105,False,False,B
2429,75,Female,980,False,0.8343706441590969,1.046997864679975,2.6530612244897958,False,False,A
2430,83,Male,980,False,0.9286961436395669,1.0591675072380444,3.2930612244897954,False,False,A
2431,59,Female,980,False,1.0442344049951526,1.0236887899940437,1.6865306122448978,False,False,A
2432,28,Male,980,False,1.054583511259373,1.0388407140037004,1.0,False,False,A
2433,33,Male,981,False,0.9319223479845958,1.0839068874158755,1.00734693877551,False,False,B
2434,63,Female,981,False,1.0790694453795417,1.1277424895154944,1.8889795918367347,False,False,B
2435,67,Female,982,False,0.9969898972350161,0.992874019361732,2.117551020408163,False,False,A
2436,30,Male,982,False,0.8792518445802735,0.9175198439067134,1.0,False,False,A
2437,42,Male,982,False,1.1136034715227714,1.1476741312278393,1.117551020408163,False,False,A
2438,62,Female,982,False,1.0788288813241202,0.999193234875157,1.8359183673469386,False,False,A
2439,49,Female,983,False,0.916245373373402,0.9304150286923988,1.29469387755102,False,False,A
2440,60,Female,983,False,0.978164292492318,0.9856103257604527,1.7346938775510203,False,False,A
2441,39,Female,984,False,0.8907195729533335,1.0245624822266501,1.0661224489795915,False,False,B
2442,26,Male,984,False,1.0393198666641177,0.8855233892550509,1.0,False,False,B
2443,21,Male,984,False,1.0661649892711156,0.9211462192443559,1.0,False,False,B
2444,49,Female,984,False,0.9588651977979571,0.9206236877190473,1.29469387755102,False,False,B
2445,36,Male,985,False,1.029006955650068,1.0354138348715198,1.0293877551020405,False,False,B
2446,23,Female,985,False,1.0645676764339773,1.0853011675518736,1.0,False,False,B
2447,30,Female,986,False,0.9732762495214137,0.9257579450548101,1.0,False,False,B
2448,33,Male,986,False,1.1414927900496497,0.975734757391298,1.00734693877551,False,False,B
2449,37,Female,987,False,1.1088299538742112,1.0844934804305855,1.0399999999999998,False,False,B
2450,11,Female,988,False,0.8504557397655917,1.121633230409041,1.0,False,False,A
2451,41,Female,988,False,1.0281737832832492,0.8604503732689597,1.0987755102040815,False,False,A
2452,44,Male,989,False,1.0960786876620392,1.0555713009942638,1.16,False,False,A
2453,62,Female,989,False,0.9728716474244202,1.0165470372287837,1.8359183673469386,False,False,A
2454,30,Male,990,False,0.9458390877370044,0.8204253190581112,1.0,False,False,A
2455,62,Female,990,False,1.0226107507962094,0.940250338137919,1.8359183673469386,False,False,A
2456,47,Male,991,False,1.0427136627477371,0.9796878694746222,1.2359183673469387,False,False,B
2457,59,Male,991,False,0.9607320601571468,1.002128182284529,1.6865306122448978,False,False,B
2458,26,Female,992,False,1.0363775701534625,1.1037467431539163,1.0,False,False,B
2459,57,Male,992,False,0.8802748087214434,1.1495912264240957,1.5951020408163266,False,False,B
2460,31,Female,993,False,1.1500141084410056,0.9942465016220398,1.000816326530612,False,False,B
2461,19,Female,993,False,0.9120877553561035,1.0281089961426604,1.0,False,False,B
2462,33,Female,993,False,0.9641233037748272,1.0747076259763335,1.00734693877551,False,False,B
2463,17,Male,994,False,0.977306991124324,0.9280275064434151,1.0,False,False,B
2464,21,Female,994,False,0.9607405118769851,0.9433962388847471,1.0,False,False,B
2465,60,Male,995,False,0.9734955643591805,1.0432912371627832,1.7346938775510203,False,False,B
2466,23,Male,995,False,1.058581090233507,0.9407428544515847,1.0,False,False,B
2467,34,Female,996,False,0.9773388487368609,1.028415900210411,1.0130612244897956,False,False,B
2468,76,Female,996,False,1.0138478602066299,1.0249537213129194,2.7273469387755105,False,False,B
2469,69,Male,997,False,0.8993410060450692,0.998944494458643,2.2416326530612243,False,False,A
2470,78,Male,997,False,0.979373679202261,0.9593701355339486,2.8808163265306117,False,False,A
2471,40,Female,998,False,0.997309408063497,0.9319494984460068,1.0816326530612244,False,False,B
2472,51,Female,998,False,0.9429095256416581,0.9131985963344639,1.3599999999999999,False,False,B
2473,67,Male,998,False,1.0526566208479724,0.9029259781356987,2.117551020408163,False,False,B
2474,57,Male,999,False,1.0986834203667923,0.9775092258609297,1.5951020408163266,False,False,B
2475,36,Male,999,False,1.0630788845689358,1.1849818340783669,1.0293877551020405,False,False,B
2476,38,Female,999,False,1.0747647176464574,1.0744242734153575,1.0522448979591836,False,False,B
2477,16,Male,1000,False,1.1169969699319855,0.9416504943108056,1.0,False,False,B
2478,6,Female,1000,False,1.1078121238841394,0.8742954830832047,1.0,False,False,B
2479,9,Male,1000,False,0.8656924657805954,1.1465406874036823,1.0,False,False,B
2480,69,Male,1001,False,1.0002807196747716,1.1422673892032877,2.2416326530612243,False,False,A
2481,45,Female,1002,False,0.8887588269250911,0.9230376438985188,1.1836734693877549,False,False,A
2482,36,Male,1002,False,1.0233553079456206,1.086180905766302,1.0293877551020405,False,False,A
2483,21,Female,1002,False,1.1015435292656235,1.0571094955082256,1.0,False,False,A
2484,53,Male,1003,False,1.031940981623498,1.0004259885076214,1.4318367346938774,False,False,A
2485,21,Female,1003,False,0.8976020404910625,0.97827954492156,1.0,False,False,A
2486,55,Female,1003,False,0.9787257423844282,1.0161057066044958,1.510204081632653,False,False,A
2487,26,Female,1004,False,0.9349076990145817,0.9739957187659227,1.0,False,False,B
2488,93,Male,1004,False,0.8127072121875107,0.8851134693763871,4.239999999999999,False,False,B
2489,12,Male,1004,False,1.1417401497086406,1.1044065607814304,1.0,False,False,B
2490,95,Female,1005,False,0.995293069542896,1.0887936647504608,4.448979591836734,False,False,A
2491,58,Female,1005,False,0.9827757550220995,1.0859448108359058,1.6399999999999997,False,False,A
2492,40,Female,1005,False,0.9341640613421228,0.9692874393659433,1.0816326530612244,False,False,A
2493,3,Male,1006,False,0.9661581221035491,0.9085165952604911,1.0,False,False,A
2494,75,Female,1006,False,1.1209061387285317,0.9582089002444375,2.6530612244897958,False,False,A
2495,41,Male,1007,False,1.0117805112694487,0.9090131580271912,1.0987755102040815,False,False,B
2496,35,Male,1007,False,0.9625300523649527,0.9764732196976724,1.020408163265306,False,False,B
2497,18,Female,1007,False,1.0323776050874296,1.1156021663577074,1.0,False,False,B
2498,57,Male,1008,False,0.9987881481219276,1.0381167373889522,1.5951020408163266,False,False,B
2499,47,Male,1008,False,1.1378534570888457,1.0431712268605928,1.2359183673469387,False,False,B
2500,85,Female,1009,False,1.016384002679115,0.836134331922448,3.4693877551020407,False,False,B
2501,65,Male,1009,False,1.0512726009979996,0.9797351782433258,1.9999999999999996,False,False,B
2502,56,Female,1009,False,0.9919230861378853,1.0351823134764833,1.5518367346938775,False,False,B
2503,48,Female,1009,False,1.0235668171194363,0.9923796817862275,1.2644897959183672,False,False,B
2504,30,Male,1010,False,0.9687542082361552,1.0605557789123443,1.0,False,False,A
2505,41,Male,1011,False,0.9100209912128001,0.9949763481196625,1.0987755102040815,False,False,B
2506,42,Male,1011,False,0.9875275180284198,0.9349021891457652,1.117551020408163,False,False,B
2507,18,Female,1012,False,0.9381321692858101,0.9989337189743424,1.0,False,False,A
2508,53,Male,1012,False,1.0476355284291576,0.9413257172782439,1.4318367346938774,False,False,A
2509,65,Female,1013,False,1.0922123877334717,0.9440168089281247,1.9999999999999996,False,False,B
2510,73,Female,1013,False,0.8850501151280968,0.9776835909689932,2.5093877551020407,False,False,B
2511,37,Female,1013,False,1.0480818185057648,1.020061367834077,1.0399999999999998,False,False,B
2512,6,Female,1014,False,1.0492218165338378,0.8515564425291677,1.0,False,False,A
2513,77,Female,1014,False,0.9098098398053255,0.936659179615845,2.8032653061224484,False,False,A
2514,22,Male,1015,False,1.065655514274991,1.106500705755004,1.0,False,False,A
2515,64,Male,1016,False,1.0252138770219332,1.0606440464928952,1.9436734693877549,False,False,B
2516,66,Female,1016,False,1.1068299395504195,0.9550130391565075,2.057959183673469,False,False,B
2517,23,Male,1017,False,0.952255271586472,1.0819589380036332,1.0,False,False,B
2518,23,Female,1017,False,1.0264274637576853,0.9595691562638754,1.0,False,False,B
2519,38,Male,1017,False,1.1676402230493526,0.9691883777324043,1.0522448979591836,False,False,B
2520,36,Male,1018,False,0.9964663902680753,1.125610662277029,1.0293877551020405,False,False,A
2521,36,Male,1018,False,0.9771096293101929,1.061784139948507,1.0293877551020405,False,False,A
2522,47,Male,1018,False,1.0835309561556805,1.1316024985580106,1.2359183673469387,False,False,A
2523,44,Male,1019,False,1.1054911345856997,0.9215176542598741,1.16,False,False,B
2524,19,Female,1019,False,1.0227653422302176,1.0007305205514287,1.0,False,False,B
2525,30,Female,1019,False,0.9949589210876492,0.8578833060771749,1.0,False,False,B
2526,16,Male,1019,False,0.9661991703462588,1.0021676215711084,1.0,False,False,B
2527,19,Female,1020,False,1.0091739984774302,1.1625056613303155,1.0,False,False,B
2528,37,Male,1020,False,0.8837798977539862,1.0594076542253088,1.0399999999999998,False,False,B
2529,40,Male,1020,False,1.1219782480052714,0.9724970265923379,1.0816326530612244,False,False,B
2530,36,Female,1020,False,1.0715589707240167,0.8824111180829652,1.0293877551020405,False,False,B
2531,23,Female,1021,False,1.022330866216221,0.9710525554285355,1.0,False,False,A
2532,31,Female,1021,False,0.9565228870205991,1.1326097118446525,1.000816326530612,False,False,A
2533,22,Male,1021,False,0.9966421656138946,1.0199713912832773,1.0,False,False,A
2534,29,Male,1022,False,0.9997588834354731,1.0701080898466035,1.0,False,False,B
2535,31,Female,1022,False,1.1430548371262366,1.0090147439669128,1.000816326530612,False,False,B
2536,90,Female,1023,False,0.9769814992642945,0.9040704491814603,3.9387755102040813,False,False,B
2537,51,Male,1024,False,1.103636431061179,1.0308871733668348,1.3599999999999999,False,False,A
2538,76,Male,1024,False,0.8758465235344114,1.0175477127933794,2.7273469387755105,False,False,A
2539,11,Male,1025,False,1.139681115841043,0.9815331797028135,1.0,False,False,B
2540,54,Female,1025,False,0.885489467587339,1.066860999111419,1.470204081632653,False,False,B
2541,3,Female,1025,False,1.0306859835637205,1.0150751429198637,1.0,False,False,B
2542,9,Male,1026,False,0.9303426179558943,0.8582559936119715,1.0,False,False,A
2543,27,Male,1026,False,1.0337599555574863,0.8862873430576778,1.0,False,False,A
2544,57,Male,1026,False,1.0115917765660432,0.9107969184208967,1.5951020408163266,False,False,A
2545,9,Male,1027,False,1.0236289066642605,1.0706976055488575,1.0,False,False,A
2546,30,Female,1027,False,0.9332389164188265,0.9348802834710467,1.0,False,False,A
2547,64,Male,1028,False,0.9753574420347346,0.9085734039151221,1.9436734693877549,False,False,A
2548,47,Male,1028,False,1.0937950724565066,0.9310819542628912,1.2359183673469387,False,False,A
2549,42,Female,1029,False,0.9986292367378279,1.0595209243773962,1.117551020408163,False,False,B
2550,32,Female,1029,False,1.0335767404370189,0.9061359723727841,1.0032653061224488,False,False,B
2551,24,Female,1030,False,1.007085958625794,0.9844740442656769,1.0,False,False,B
2552,67,Female,1030,False,1.0306082450302054,1.0546343654741308,2.117551020408163,False,False,B
2553,32,Female,1031,False,1.024098332155288,1.1238506124510053,1.0032653061224488,False,False,B
2554,10,Male,1031,False,0.9402162852147083,0.9089705806470465,1.0,False,False,B
2555,16,Female,1032,False,1.0762900172839591,0.8928371340731767,1.0,False,False,A
2556,23,Female,1032,False,1.0030241290884534,1.0622048123977224,1.0,False,False,A
2557,88,Male,1033,False,1.0109322376104104,1.093921683756812,3.746122448979592,False,False,A
2558,76,Male,1033,False,0.9540350998054702,1.1018423856367634,2.7273469387755105,False,False,A
2559,33,Male,1034,False,1.072382520000499,0.9663068191410132,1.00734693877551,False,False,A
2560,45,Female,1034,False,0.878702593100393,0.9255680087365168,1.1836734693877549,False,False,A
2561,55,Male,1034,False,0.9404243288162926,1.0474496500570387,1.510204081632653,False,False,A
2562,24,Male,1035,False,1.059928333399933,1.0130069136135846,1.0,False,False,A
2563,34,Female,1035,False,1.1088858364917988,0.9517297642722582,1.0130612244897956,False,False,A
2564,38,Male,1036,False,0.9657875574218899,1.0335199793293215,1.0522448979591836,False,False,B
2565,60,Female,1036,False,0.9638272392081088,0.8625317289273721,1.7346938775510203,False,False,B
2566,40,Male,1036,False,0.966879476393343,0.8945987396321098,1.0816326530612244,False,False,B
2567,65,Male,1037,False,0.9693903846659345,1.124380068259322,1.9999999999999996,False,False,A
2568,43,Female,1037,False,0.9893751100064061,1.0599724326430322,1.137959183673469,False,False,A
2569,53,Female,1038,False,1.0263711385531065,1.0887537036271622,1.4318367346938774,False,False,B
2570,33,Male,1038,False,1.01502047869365,0.9631331380744426,1.00734693877551,False,False,B
2571,25,Male,1039,False,0.9176766965235988,1.0769827342377953,1.0,False,False,A
2572,35,Male,1039,False,1.0073480963769472,0.9746364387707691,1.020408163265306,False,False,A
2573,28,Female,1040,False,1.0415487460481938,1.1705969649156687,1.0,False,False,A
2574,51,Female,1040,False,0.9614093082548151,1.0189932248919578,1.3599999999999999,False,False,A
2575,18,Male,1040,False,0.9441657460687016,0.9998419428763361,1.0,False,False,A
2576,19,Female,1041,False,0.9810630266268633,1.0483531541037627,1.0,False,False,A
2577,50,Male,1041,False,0.8972086704921814,1.0106094534438894,1.3265306122448979,False,False,A
2578,23,Female,1042,False,1.0303665129267328,1.0706266009717633,1.0,False,False,A
2579,27,Female,1042,False,1.1108682142399766,0.9469082612507469,1.0,False,False,A
2580,37,Female,1043,False,0.8736981826498693,1.0456568614209405,1.0399999999999998,False,False,B
2581,35,Female,1044,False,1.1946151327694845,1.0003423548816708,1.020408163265306,False,False,B
2582,53,Male,1044,False,1.0693518581482384,1.083280651251816,1.4318367346938774,False,False,B
2583,6,Female,1045,False,0.9192542457111355,1.0269920932187309,1.0,False,False,A
2584,61,Male,1045,False,1.0215844517289938,0.8937836745089004,1.784489795918367,False,False,A
2585,26,Female,1046,False,0.9102269480657315,0.9838058442894184,1.0,False,False,B
2586,3,Female,1046,False,0.9683482507900368,1.0524075944660878,1.0,False,False,B
2587,36,Female,1046,False,1.0515189539724514,1.0984178032410854,1.0293877551020405,False,False,B
2588,57,Male,1047,False,0.8554586306849563,1.0468137069556005,1.5951020408163266,False,False,B
2589,22,Female,1047,False,0.8615310361599884,1.0124666934458477,1.0,False,False,B
2590,89,Female,1047,False,1.0389423651145095,0.9457659479788664,3.8416326530612235,False,False,B
2591,76,Female,1048,False,0.9253048517423162,0.9709440480726436,2.7273469387755105,False,False,A
2592,31,Female,1048,False,1.0006203298322283,0.9822551725760558,1.000816326530612,False,False,A
2593,11,Female,1048,False,0.9824529857336557,0.9850788766167553,1.0,False,False,A
2594,34,Male,1048,False,0.8962287176944577,0.9085672512488624,1.0130612244897956,False,False,A
2595,38,Female,1049,False,1.126750728014327,0.9507150029001379,1.0522448979591836,False,False,B
2596,92,Male,1049,False,0.9619288377511175,1.131396138591146,4.137959183673469,False,False,B
2597,46,Male,1049,False,0.9662059686464404,1.0704920294444413,1.2089795918367343,False,False,B
2598,39,Female,1050,False,0.945912703194614,0.8429452181596684,1.0661224489795915,False,False,A
2599,46,Female,1050,False,1.0221498640503894,0.9903930707809558,1.2089795918367343,False,False,A
2600,35,Female,1051,False,0.8269153635427436,1.0971855217952755,1.020408163265306,False,False,B
2601,59,Female,1051,False,1.1081225884663597,0.9749343279006044,1.6865306122448978,False,False,B
2602,45,Male,1052,False,1.036647483960794,0.8420367197890904,1.1836734693877549,False,False,B
2603,87,Female,1052,False,1.1029953221714794,1.0948545813324513,3.652244897959183,False,False,B
2604,31,Male,1053,False,1.0910175246471372,0.9636597488681553,1.000816326530612,False,False,A
2605,39,Male,1053,False,0.9845430995291365,0.9962901164617739,1.0661224489795915,False,False,A
2606,31,Male,1054,False,0.9089025134517948,1.1556921585842255,1.000816326530612,False,False,B
2607,35,Female,1054,False,1.1222511975146852,1.1280534510267486,1.020408163265306,False,False,B
2608,53,Male,1054,False,1.032150395399034,0.9083956075842018,1.4318367346938774,False,False,B
2609,78,Male,1055,False,1.1228554346754964,0.9943524479730822,2.8808163265306117,False,False,B
2610,36,Female,1055,False,1.1362739419597119,0.8997807135058773,1.0293877551020405,False,False,B
2611,52,Male,1056,False,1.0181189362195706,1.0110052761720874,1.3951020408163264,False,False,A
2612,57,Female,1056,False,1.0752579860283036,0.9292669275352146,1.5951020408163266,False,False,A
2613,44,Female,1057,False,1.0884116736793987,0.914828163762124,1.16,False,False,A
2614,38,Female,1057,False,1.0203166767032592,0.9410221005745272,1.0522448979591836,False,False,A
2615,30,Male,1057,False,1.0176417702472254,0.9491183578866641,1.0,False,False,A
2616,38,Female,1057,False,1.0248487828316795,0.9184753043755335,1.0522448979591836,False,False,A
2617,7,Male,1058,False,0.9141824518642081,1.0307030247458806,1.0,False,False,A
2618,52,Male,1058,False,1.0162734244019584,0.9516931254093286,1.3951020408163264,False,False,A
2619,20,Female,1059,False,1.0891524744660457,1.0599968976993313,1.0,False,False,A
2620,66,Female,1059,False,1.0747127424515162,0.8627230123679838,2.057959183673469,False,False,A
2621,24,Female,1060,False,0.9775879562403211,1.0771772220130915,1.0,False,False,A
2622,29,Male,1060,False,1.0642405052013943,1.110424876238723,1.0,False,False,A
2623,57,Female,1060,False,1.0320453151437243,0.8569459932823207,1.5951020408163266,False,False,A
2624,47,Female,1060,False,1.1162096218710722,0.8554794573003135,1.2359183673469387,False,False,A
2625,52,Female,1061,False,1.1205398941188993,0.9442322638628595,1.3951020408163264,False,False,A
2626,32,Female,1061,False,0.9368035146075253,1.0538946538329412,1.0032653061224488,False,False,A
2627,60,Female,1062,False,0.9363397934137787,1.0649862340103387,1.7346938775510203,False,False,B
2628,54,Female,1062,False,0.9003935493394305,1.0858367068334926,1.470204081632653,False,False,B
2629,64,Male,1062,False,1.021618163135217,1.0584514510283591,1.9436734693877549,False,False,B
2630,56,Female,1062,False,1.0599847450988271,1.0162723973075791,1.5518367346938775,False,False,B
2631,6,Female,1063,False,1.0619683505568234,1.0932982317289572,1.0,False,False,B
2632,18,Female,1063,False,1.0929552421530664,1.0358316675740653,1.0,False,False,B
2633,59,Female,1064,False,0.894381791078305,1.0502422062606431,1.6865306122448978,False,False,A
2634,44,Female,1064,False,0.9530923316879606,1.0449046636001005,1.16,False,False,A
2635,51,Male,1064,False,0.8495480504874784,0.9164336357977204,1.3599999999999999,False,False,A
2636,53,Male,1065,False,0.9829638871619788,1.0677543894505686,1.4318367346938774,False,False,B
2637,48,Male,1065,False,0.8503207297489337,1.1379163900538385,1.2644897959183672,False,False,B
2638,38,Female,1066,False,1.0757297531438035,0.9726322896490545,1.0522448979591836,False,False,A
2639,52,Male,1066,False,1.0905205118882308,1.1066635330909818,1.3951020408163264,False,False,A
2640,39,Female,1066,False,0.8986010492946097,1.013464405659005,1.0661224489795915,False,False,A
2641,20,Male,1067,False,1.0063886512604732,0.926504699041418,1.0,False,False,B
2642,61,Female,1067,False,0.9901237946884813,1.0429745703895539,1.784489795918367,False,False,B
2643,28,Female,1067,False,0.9998558769271001,0.9804676668967897,1.0,False,False,B
2644,35,Male,1068,False,0.8146994503009817,1.0735105336496922,1.020408163265306,False,False,A
2645,51,Male,1068,False,1.0065188024290168,0.9375360470172736,1.3599999999999999,False,False,A
2646,29,Female,1068,False,0.9972767246640013,1.0889616393293018,1.0,False,False,A
2647,24,Female,1069,False,1.0027703659891307,1.0120313582402471,1.0,False,False,A
2648,8,Male,1069,False,0.8406589012378147,1.0784408372318528,1.0,False,False,A
2649,32,Female,1069,False,0.8972032367916638,1.030927531236971,1.0032653061224488,False,False,A
2650,66,Female,1069,False,1.06748365587096,1.0758363350740288,2.057959183673469,False,False,A
2651,21,Female,1070,False,1.0503599738768201,1.0565539755805031,1.0,False,False,B
2652,26,Female,1070,False,1.110418756067062,1.1512760790568741,1.0,False,False,B
2653,59,Female,1071,False,0.9358936831704587,0.9313357859605613,1.6865306122448978,False,False,B
2654,73,Male,1072,False,1.100858030567079,0.8991157455432202,2.5093877551020407,False,False,B
2655,38,Male,1072,False,1.0596719483000505,0.8770676826769459,1.0522448979591836,False,False,B
2656,64,Male,1073,False,1.0111433106178735,1.0307058889207428,1.9436734693877549,False,False,A
2657,55,Female,1073,False,0.9282698857427191,1.0324218538781595,1.510204081632653,False,False,A
2658,50,Female,1074,False,1.028005778923256,0.8820597577267449,1.3265306122448979,False,False,A
2659,67,Female,1074,False,0.9013857385265441,0.9305303856215162,2.117551020408163,False,False,A
2660,53,Male,1075,False,1.0622209855772937,0.9423789452755578,1.4318367346938774,False,False,A
2661,19,Male,1075,False,1.1672290714349098,1.0966144535930304,1.0,False,False,A
2662,65,Female,1075,False,1.0494810891473971,0.9985480354601459,1.9999999999999996,False,False,A
2663,50,Female,1076,False,0.8654450072370635,1.0153860531475971,1.3265306122448979,False,False,B
2664,80,Female,1076,False,1.0409512549543716,1.069567371895538,3.0408163265306123,False,False,B
2665,14,Female,1076,False,0.9614445659588078,0.976639804340707,1.0,False,False,B
2666,16,Male,1076,False,0.99195683161749,1.0147319554702026,1.0,False,False,B
2667,64,Male,1077,False,1.0848738315041613,0.9898516545049858,1.9436734693877549,False,False,B
2668,48,Female,1077,False,0.9300059440429531,1.0275738766785576,1.2644897959183672,False,False,B
2669,28,Male,1077,False,1.1050432899162095,1.0418924634734799,1.0,False,False,B
2670,38,Female,1078,False,0.9914792851658001,1.0029911933319258,1.0522448979591836,False,False,A
2671,39,Male,1078,False,0.9929747067019279,1.1107345439346326,1.0661224489795915,False,False,A
2672,30,Male,1078,False,0.889569993750996,0.9980759103692697,1.0,False,False,A
2673,28,Male,1078,False,1.1082883538760144,1.0709812723962027,1.0,False,False,A
2674,69,Female,1079,False,0.9825858220585784,1.088213467601981,2.2416326530612243,False,False,A
2675,77,Male,1079,False,1.1582014614708083,0.972327059868515,2.8032653061224484,False,False,A
2676,63,Female,1079,False,0.8747050785398943,0.9442273280254154,1.8889795918367347,False,False,A
2677,20,Male,1079,False,1.1324298375603339,1.0644492385572324,1.0,False,False,A
2678,40,Female,1080,False,1.0525962357637069,1.037935902850645,1.0816326530612244,False,False,B
2679,50,Male,1080,False,1.0314887217945694,1.0342043051344338,1.3265306122448979,False,False,B
2680,55,Female,1080,False,1.0120266106349223,1.014438487914239,1.510204081632653,False,False,B
2681,38,Male,1080,False,1.0190643782918882,1.0316133622054933,1.0522448979591836,False,False,B
2682,16,Male,1081,False,1.0190077025850597,0.8965273201298589,1.0,False,False,B
2683,12,Male,1082,False,1.021999157858885,0.9916282895457422,1.0,False,False,B
2684,31,Female,1082,False,1.1302324049670203,0.927247409247779,1.000816326530612,False,False,B
2685,39,Male,1083,False,1.1857900706457694,1.0177595310066678,1.0661224489795915,False,False,B
2686,10,Female,1083,False,1.1355560791451307,1.0261570088300866,1.0,False,False,B
2687,34,Female,1084,False,0.9363184352672773,0.9806105254429334,1.0130612244897956,False,False,A
2688,23,Male,1084,False,1.0557383213152352,0.9626903873703675,1.0,False,False,A
2689,36,Male,1084,False,0.9551530186101955,1.0929577199005722,1.0293877551020405,False,False,A
2690,45,Male,1085,False,0.9737008470405814,1.0229509844366809,1.1836734693877549,False,False,A
2691,51,Male,1085,False,0.9138353834528131,0.9799155446265557,1.3599999999999999,False,False,A
2692,46,Female,1086,False,0.8356526217387296,1.073367090230801,1.2089795918367343,False,False,B
2693,6,Female,1086,False,1.041097036834274,0.8740134027806954,1.0,False,False,B
2694,25,Male,1086,False,0.914126443319573,1.075821627553509,1.0,False,False,B
2695,30,Female,1086,False,0.9096959590142568,1.1291265045692775,1.0,False,False,B
2696,89,Female,1087,False,1.027838152720346,1.167583346292814,3.8416326530612235,False,False,A
2697,15,Female,1088,False,1.079274983077107,1.081530343943012,1.0,False,False,A
2698,62,Male,1088,False,0.9632875013685184,1.0557742168203939,1.8359183673469386,False,False,A
2699,56,Female,1089,False,1.0821838014199052,0.9499911747476291,1.5518367346938775,False,False,A
2700,84,Female,1089,False,1.0536570569514907,0.9079627475055627,3.3804081632653054,False,False,A
2701,48,Male,1089,False,1.0825170609609598,0.9449049858534102,1.2644897959183672,False,False,A
2702,57,Male,1090,False,1.0394763180092794,0.8379563092172799,1.5951020408163266,False,False,A
2703,76,Female,1090,False,0.8815722036724113,0.9832667783847789,2.7273469387755105,False,False,A
2704,83,Female,1091,False,1.1474604081822222,1.0666101295245212,3.2930612244897954,False,False,B
2705,62,Female,1092,False,1.1073015258800598,0.8311929948627484,1.8359183673469386,False,False,A
2706,41,Male,1092,False,1.1146247326336587,0.9290120181173013,1.0987755102040815,False,False,A
2707,57,Female,1092,False,0.990810320217864,1.1356982106938704,1.5951020408163266,False,False,A
2708,56,Male,1092,False,1.0098510789159518,1.055065783480337,1.5518367346938775,False,False,A
2709,39,Male,1093,False,0.947392642108211,0.8524188517035123,1.0661224489795915,False,False,B
2710,62,Male,1093,False,1.0318541493932376,0.9738206929573394,1.8359183673469386,False,False,B
2711,43,Male,1094,False,1.0218210866678594,0.9032263439539924,1.137959183673469,False,False,B
2712,32,Male,1094,False,0.948797912138242,0.961166007366973,1.0032653061224488,False,False,B
2713,39,Female,1095,False,1.149768999314788,0.8966037742130805,1.0661224489795915,False,False,B
2714,46,Male,1095,False,1.150066214066922,0.8673834152112294,1.2089795918367343,False,False,B
2715,43,Female,1096,False,0.980018082062679,0.9894284934541601,1.137959183673469,False,False,B
2716,62,Male,1096,False,0.9097400636654777,0.999920030891553,1.8359183673469386,False,False,B
2717,24,Female,1096,False,1.0151029651338763,1.1018039968926814,1.0,False,False,B
2718,84,Female,1097,False,1.0277379870150123,0.9723865588320478,3.3804081632653054,False,False,B
2719,32,Female,1097,False,0.9409838138936593,1.0450564319093978,1.0032653061224488,False,False,B
2720,62,Male,1097,False,0.8884222329628197,0.904505901084431,1.8359183673469386,False,False,B
2721,27,Female,1098,False,1.1084711634085898,0.9076917439374776,1.0,False,False,A
2722,79,Male,1098,False,0.9022178295379812,0.8917440764221573,2.96,False,False,A
2723,36,Male,1098,False,1.0477354240021837,1.0309003260571348,1.0293877551020405,False,False,A
2724,59,Male,1099,False,1.0990306981636837,0.8530752604814436,1.6865306122448978,False,False,B
2725,78,Male,1099,False,0.9327992512472885,0.8714494463461563,2.8808163265306117,False,False,B
2726,78,Female,1100,False,0.9718909891409173,0.8913614200413595,2.8808163265306117,False,False,B
2727,8,Female,1100,False,1.061289465535323,1.1535869120866817,1.0,False,False,B
2728,51,Male,1101,False,0.9135755307310891,0.8600568562703194,1.3599999999999999,False,False,A
2729,40,Male,1101,False,1.022203343086502,1.1200600864679553,1.0816326530612244,False,False,A
2730,89,Female,1101,False,0.9123783873004627,0.8608279733595281,3.8416326530612235,False,False,A
2731,66,Male,1101,False,1.0708993804739204,0.9115720857222901,2.057959183673469,False,False,A
2732,72,Female,1102,False,0.9047458003010043,0.954849195711815,2.4399999999999995,False,False,A
2733,21,Male,1103,False,1.0860360724278202,0.949712672252712,1.0,False,False,A
2734,26,Male,1103,False,1.0180819745872112,1.0548738293012274,1.0,False,False,A
2735,65,Female,1104,False,0.9945988766426601,1.1677888858946097,1.9999999999999996,False,False,A
2736,52,Male,1104,False,0.9572716834144864,1.005101466898251,1.3951020408163264,False,False,A
2737,43,Male,1105,False,1.0358768006068915,1.0597531678957144,1.137959183673469,False,False,B
2738,14,Male,1105,False,1.0165055932901874,0.882798855691624,1.0,False,False,B
2739,13,Female,1105,False,0.9956919801695725,1.072886398883437,1.0,False,False,B
2740,17,Female,1105,False,1.0985041646677811,1.070333531237418,1.0,False,False,B
2741,70,Female,1106,False,1.1010546998887147,0.9063554553967933,2.3061224489795915,False,False,B
2742,76,Female,1106,False,1.1720699448077978,0.9223510217588725,2.7273469387755105,False,False,B
2743,32,Female,1106,False,1.0265264000912397,0.9800989579828472,1.0032653061224488,False,False,B
2744,50,Female,1107,False,0.9708578941295131,1.0040231242135986,1.3265306122448979,False,False,B
2745,46,Male,1108,False,0.9615116967978949,0.9867058983296213,1.2089795918367343,False,False,B
2746,3,Male,1108,False,0.9581034620742088,1.048422103462927,1.0,False,False,B
2747,95,Male,1108,False,0.9732935679892616,0.9815167277285539,4.448979591836734,False,False,B
2748,85,Female,1109,False,1.0058983765613778,0.874107793645936,3.4693877551020407,False,False,B
2749,38,Male,1109,False,0.9325703093100776,0.9915731033141431,1.0522448979591836,False,False,B
2750,68,Male,1110,False,0.980672718000389,0.8544420639311755,2.178775510204081,False,False,B
2751,56,Female,1110,False,0.9748021337410694,0.8867606218894443,1.5518367346938775,False,False,B
2752,66,Male,1111,False,1.0769518197707262,0.8946553998248266,2.057959183673469,False,False,B
2753,54,Male,1111,False,0.8195400843603032,1.0717917181605476,1.470204081632653,False,False,B
2754,44,Female,1111,False,0.9730003966484344,0.9782993529214006,1.16,False,False,B
2755,42,Male,1111,False,1.0299118454903176,0.968505353507983,1.117551020408163,False,False,B
2756,39,Male,1112,False,0.9480604365728984,0.892901046357881,1.0661224489795915,False,False,B
2757,67,Female,1112,False,0.9058470820475172,0.9262878172696412,2.117551020408163,False,False,B
2758,89,Male,1112,False,1.068283873711442,1.0539732778173583,3.8416326530612235,False,False,B
2759,56,Male,1113,False,1.0212411038864184,1.04322689112155,1.5518367346938775,False,False,B
2760,27,Male,1113,False,0.857330774394907,1.0827612970502312,1.0,False,False,B
2761,62,Male,1113,False,1.0610405768132414,1.0690354523397576,1.8359183673469386,False,False,B
2762,38,Female,1114,False,0.8652993371037879,0.9217918144258219,1.0522448979591836,False,False,B
2763,35,Female,1114,False,1.002773463678779,1.1373081880063398,1.020408163265306,False,False,B
2764,29,Male,1114,False,1.0748287085200077,0.9750787531624177,1.0,False,False,B
2765,73,Male,1114,False,1.04518493500769,0.9843722491646583,2.5093877551020407,False,False,B
2766,79,Female,1115,False,1.0847780234108775,1.0259237128402328,2.96,False,False,A
2767,62,Female,1115,False,0.9989856350730847,0.8865352805322698,1.8359183673469386,False,False,A
2768,15,Male,1116,False,1.0719555622030994,0.9249903540203969,1.0,False,False,A
2769,19,Female,1116,False,0.8437432080701767,0.8241771310512621,1.0,False,False,A
2770,61,Male,1117,False,0.87461614518399,1.1344390662548733,1.784489795918367,False,False,A
2771,15,Male,1117,False,1.0509125181016066,0.9029671123548239,1.0,False,False,A
2772,14,Female,1117,False,1.0696215419254784,0.9963916578303915,1.0,False,False,A
2773,15,Male,1118,False,1.109855650088162,0.9922858875431249,1.0,False,False,A
2774,53,Female,1118,False,1.0297854933522468,1.0658268870419239,1.4318367346938774,False,False,A
2775,17,Female,1118,False,0.9699482353141672,1.0866824428104451,1.0,False,False,A
2776,26,Male,1119,False,0.8404199955101138,0.9782756569008787,1.0,False,False,A
2777,43,Female,1119,False,0.9554437698802247,0.9662524781323115,1.137959183673469,False,False,A
2778,58,Female,1120,False,0.9198867965355574,1.0447434877957367,1.6399999999999997,False,False,B
2779,6,Female,1120,False,1.0053349722735192,0.9360190889542483,1.0,False,False,B
2780,22,Male,1121,False,0.8764286987498612,1.181309729187162,1.0,False,False,B
2781,28,Male,1121,False,1.0813991338985587,1.0146995654596862,1.0,False,False,B
2782,60,Female,1121,False,0.9810249485567702,1.0302843514251117,1.7346938775510203,False,False,B
2783,11,Male,1121,False,0.9770949148901641,0.984786796769128,1.0,False,False,B
2784,45,Female,1121,False,0.9882926035822552,1.0575302368873165,1.1836734693877549,False,False,B
2785,28,Female,1122,False,1.0865776102589861,0.869348372789177,1.0,False,False,B
2786,54,Female,1122,False,1.128006210159644,1.010928423737028,1.470204081632653,False,False,B
2787,26,Male,1123,False,0.89673726828729,1.0667467579429841,1.0,False,False,B
2788,35,Male,1123,False,0.9895815462546593,0.9434126822091085,1.020408163265306,False,False,B
2789,30,Female,1123,False,0.9792203035445424,0.9463972662189344,1.0,False,False,B
2790,41,Male,1124,False,0.8701916046265991,1.0402805216673237,1.0987755102040815,False,False,B
2791,38,Female,1124,False,0.9638773125624411,1.1377929029966507,1.0522448979591836,False,False,B
2792,27,Male,1125,False,1.0174480417206937,0.9492238963352763,1.0,False,False,B
2793,21,Male,1125,False,0.9461683691422199,0.9170569653564873,1.0,False,False,B
2794,28,Male,1125,False,0.8590543391498984,0.9800656508204809,1.0,False,False,B
2795,57,Female,1126,False,1.1371500805604704,0.9162407541498694,1.5951020408163266,False,False,A
2796,41,Female,1126,False,0.8782650305428769,1.086004219392694,1.0987755102040815,False,False,A
2797,17,Male,1126,False,1.0056065670617962,1.0075541498207146,1.0,False,False,A
2798,74,Male,1126,False,0.9289061309629746,0.941078991869063,2.580408163265306,False,False,A
2799,23,Male,1127,False,1.1573830775260125,0.9281576405923273,1.0,False,False,A
2800,94,Male,1127,False,1.0229236298030533,1.0682390499401901,4.343673469387755,False,False,A
2801,41,Male,1128,False,0.9913918477197404,0.977639302280549,1.0987755102040815,False,False,B
2802,35,Male,1128,False,0.9851469956387602,1.037129308679748,1.020408163265306,False,False,B
2803,48,Female,1129,False,0.9234964627038047,1.005965469664609,1.2644897959183672,False,False,B
2804,68,Female,1129,False,0.9991964810681374,1.1258864279494147,2.178775510204081,False,False,B
2805,29,Male,1129,False,1.0274837570523565,0.912610498610346,1.0,False,False,B
2806,25,Female,1130,False,1.031987484994419,0.8902479820101981,1.0,False,False,A
2807,66,Male,1131,False,0.9765245850844122,1.031261125151035,2.057959183673469,False,False,A
2808,23,Female,1131,False,1.0701767372130582,0.9149023261831227,1.0,False,False,A
2809,16,Female,1131,False,1.059943060315499,1.010034220706138,1.0,False,False,A
2810,70,Male,1131,False,0.9665545674553021,0.8586566875943413,2.3061224489795915,False,False,A
2811,25,Female,1132,False,1.0160081263082625,1.1262375354499314,1.0,False,False,B
2812,34,Male,1132,False,0.8725666480618577,0.9956685537638972,1.0130612244897956,False,False,B
2813,46,Female,1132,False,1.0174904048572164,0.9818540002843357,1.2089795918367343,False,False,B
2814,56,Female,1133,False,1.162650972028416,1.1286245505537624,1.5518367346938775,False,False,B
2815,28,Female,1133,False,0.9840305411049596,1.1188330450513044,1.0,False,False,B
2816,31,Male,1133,False,0.9383286582319955,1.143651212320064,1.000816326530612,False,False,B
2817,37,Female,1134,False,1.0406648692068945,0.8568899785772572,1.0399999999999998,False,False,A
2818,73,Male,1134,False,0.852701955492627,0.8865617657522338,2.5093877551020407,False,False,A
2819,31,Female,1134,False,0.9792517771576609,0.983791690080537,1.000816326530612,False,False,A
2820,16,Male,1135,False,0.9439450416172472,0.9545860638086582,1.0,False,False,A
2821,21,Female,1135,False,0.9836849978312393,1.0100685967143421,1.0,False,False,A
2822,84,Male,1135,False,1.1099387057120496,1.0539418000871632,3.3804081632653054,False,False,A
2823,45,Male,1136,False,0.9964713112887682,1.0310635485126296,1.1836734693877549,False,False,A
2824,60,Female,1137,False,1.156870731743291,0.9630402638799255,1.7346938775510203,False,False,A
2825,39,Male,1138,False,0.9864843603375016,0.9901995984155761,1.0661224489795915,False,False,B
2826,27,Female,1138,False,0.8891804825532765,1.0226415466416223,1.0,False,False,B
2827,35,Male,1139,False,0.9892012052030699,0.9734972076873682,1.020408163265306,False,False,A
2828,37,Male,1139,False,1.0343607375821287,0.8165106274924196,1.0399999999999998,False,False,A
2829,44,Male,1139,False,0.984752616927859,1.1033791241569932,1.16,False,False,A
2830,15,Female,1140,False,0.9453566547817085,1.0162310261800356,1.0,False,False,B
2831,31,Female,1140,False,1.0050914786846998,0.8991218705195665,1.000816326530612,False,False,B
2832,26,Female,1140,False,1.0289995068471578,1.0075122891592025,1.0,False,False,B
2833,58,Female,1141,False,1.0383512591058595,0.8785031424290954,1.6399999999999997,False,False,B
2834,58,Male,1141,False,0.9942238213165229,0.9511917442388841,1.6399999999999997,False,False,B
2835,29,Female,1141,False,1.012333270129105,0.9680799616541172,1.0,False,False,B
2836,46,Female,1142,False,1.0235913647991146,1.0356408664502301,1.2089795918367343,False,False,B
2837,52,Male,1142,False,1.1096178623187907,1.0098167534224214,1.3951020408163264,False,False,B
2838,55,Male,1143,False,0.9787651676135047,0.8729548060426232,1.510204081632653,False,False,B
2839,56,Male,1143,False,1.000489473885114,0.9184354531880055,1.5518367346938775,False,False,B
2840,5,Female,1143,False,0.9049795664062896,1.0810908584144137,1.0,False,False,B
2841,80,Male,1143,False,0.9771825648994178,0.9903034734721524,3.0408163265306123,False,False,B
2842,31,Female,1144,False,1.1099273318932754,1.0812969165833284,1.000816326530612,False,False,B
2843,32,Female,1144,False,0.9713861487935682,1.0568104601276036,1.0032653061224488,False,False,B
2844,52,Male,1145,False,0.9967812889199129,1.1880261048926883,1.3951020408163264,False,False,B
2845,30,Female,1145,False,1.083130185383172,0.9394279374895773,1.0,False,False,B
2846,61,Male,1145,False,1.1012269008348863,0.9551369160166954,1.784489795918367,False,False,B
2847,12,Male,1146,False,1.1136828244565644,0.990368195959172,1.0,False,False,B
2848,63,Female,1146,False,0.9859459553611595,1.0348433539150894,1.8889795918367347,False,False,B
2849,92,Female,1147,False,1.0602636342553904,0.9837949013286664,4.137959183673469,False,False,A
2850,36,Female,1147,False,1.0349641478883926,1.12501686236964,1.0293877551020405,False,False,A
2851,56,Female,1147,False,1.019488170917139,1.05277937677961,1.5518367346938775,False,False,A
2852,77,Female,1148,False,1.1281283151393715,1.0247182571933895,2.8032653061224484,False,False,B
2853,35,Male,1148,False,0.9828358211144692,0.9087948838440576,1.020408163265306,False,False,B
2854,55,Male,1149,False,0.9091493181080741,1.0972001256167059,1.510204081632653,False,False,B
2855,11,Male,1149,False,1.0357947505832266,0.9808573367446346,1.0,False,False,B
2856,66,Female,1149,False,0.905452173151131,1.093771977319244,2.057959183673469,False,False,B
2857,82,Female,1150,False,0.9710273153888336,0.8403333530754393,3.20734693877551,False,False,A
2858,73,Male,1150,False,1.1114999190409696,1.1213635564556288,2.5093877551020407,False,False,A
2859,13,Male,1150,False,0.874735839343434,1.027780698661761,1.0,False,False,A
2860,30,Female,1151,False,1.0465737101655415,1.0307322721946726,1.0,False,False,A
2861,39,Male,1152,False,1.1571171501245014,1.1110566511089448,1.0661224489795915,False,False,B
2862,50,Female,1152,False,1.0124951025100193,1.0388029353086723,1.3265306122448979,False,False,B
2863,32,Male,1153,False,1.03236749317901,1.0471936197496943,1.0032653061224488,False,False,B
2864,23,Male,1154,False,0.9994044740276247,1.1156525879930117,1.0,False,False,A
2865,13,Female,1154,False,1.1315627589989845,1.0948059402307635,1.0,False,False,A
2866,7,Female,1155,False,0.8588899768505867,0.8732885930661621,1.0,False,False,A
2867,34,Female,1155,False,0.98045049545229,1.1007480385465847,1.0130612244897956,False,False,A
2868,23,Male,1156,False,1.0818682204500738,1.0171440107587235,1.0,False,False,A
2869,77,Male,1156,False,1.1032384308069725,0.9604299528293762,2.8032653061224484,False,False,A
2870,20,Female,1156,False,0.9871194085142488,0.9967780367824974,1.0,False,False,A
2871,37,Female,1157,False,0.9101658157456234,0.9419523977119294,1.0399999999999998,False,False,A
2872,37,Male,1157,False,1.0337770306024392,0.8817264128916843,1.0399999999999998,False,False,A
2873,70,Male,1158,False,0.9135561080038229,0.9622434502361741,2.3061224489795915,False,False,B
2874,13,Female,1158,False,0.8866873931900152,0.9013173336253254,1.0,False,False,B
2875,13,Female,1158,False,0.9907852248247886,1.0151965759731578,1.0,False,False,B
2876,26,Female,1158,False,0.8951685381449147,0.9907968905731153,1.0,False,False,B
2877,33,Male,1159,False,0.935423858737177,0.9431611987091597,1.00734693877551,False,False,A
2878,56,Male,1159,False,0.9158651739251832,0.924446672509169,1.5518367346938775,False,False,A
2879,17,Male,1159,False,1.0002222943110346,1.0153154058554994,1.0,False,False,A
2880,28,Male,1160,False,1.0823031523993076,1.0640145369379568,1.0,False,False,A
2881,36,Female,1160,False,1.117970146422206,0.963749087774568,1.0293877551020405,False,False,A
2882,60,Male,1161,False,1.0155387083664402,0.9295676379595733,1.7346938775510203,False,False,A
2883,7,Female,1161,False,1.0771224532868668,0.8437959833431068,1.0,False,False,A
2884,70,Female,1162,False,0.866169453028176,1.0329749412306581,2.3061224489795915,False,False,B
2885,40,Male,1162,False,0.9485613383551604,0.967137827430475,1.0816326530612244,False,False,B
2886,15,Male,1163,False,1.140356754647832,1.1521484482562867,1.0,False,False,B
2887,46,Female,1163,False,0.810086325718831,0.9719598032885577,1.2089795918367343,False,False,B
2888,55,Female,1163,False,1.00662864975243,0.9915892664440134,1.510204081632653,False,False,B
2889,18,Female,1164,False,1.107586475669234,1.058265454973835,1.0,False,False,A
2890,67,Female,1164,False,1.1025590675308001,0.8446118758238466,2.117551020408163,False,False,A
2891,34,Female,1164,False,1.0604372658085304,0.974403541072583,1.0130612244897956,False,False,A
2892,31,Male,1165,False,1.0764105968537987,1.0029985662701377,1.000816326530612,False,False,B
2893,18,Male,1165,False,0.9835417384901697,1.1037362759010656,1.0,False,False,B
2894,34,Male,1165,False,0.9337805272580186,1.0111972510985696,1.0130612244897956,False,False,B
2895,31,Male,1166,False,1.0915129576001035,1.1303296539713927,1.000816326530612,False,False,A
2896,36,Female,1166,False,0.9585282486322522,1.112905284018252,1.0293877551020405,False,False,A
2897,24,Female,1166,False,0.9205089599953764,1.1006667331539564,1.0,False,False,A
2898,52,Female,1167,False,0.9511617868596899,0.8069194394941638,1.3951020408163264,False,False,A
2899,28,Male,1168,False,0.9239568323300964,0.9615348540760805,1.0,False,False,A
2900,63,Male,1168,False,1.02741918772805,0.9662290152097087,1.8889795918367347,False,False,A
2901,12,Female,1169,False,0.9995827112813105,0.9567383148487923,1.0,False,False,A
2902,50,Female,1169,False,0.9649036326413718,0.9284376831259342,1.3265306122448979,False,False,A
2903,57,Male,1170,False,0.894956010355655,0.9913918212369746,1.5951020408163266,False,False,A
2904,13,Male,1171,False,1.0436773441596703,0.9465561505346698,1.0,False,False,A
2905,17,Male,1171,False,1.0074051221648674,0.9280400637059967,1.0,False,False,A
2906,79,Female,1171,False,1.1248227267179307,0.9572645259726329,2.96,False,False,A
2907,8,Male,1172,False,0.9992556717453871,0.9133027742363659,1.0,False,False,A
2908,22,Female,1172,False,1.0288792658905823,0.9701804298991941,1.0,False,False,A
2909,45,Female,1173,False,1.0041407526998776,0.8902363906708128,1.1836734693877549,False,False,A
2910,15,Female,1173,False,0.8834142812282478,0.9112896466129703,1.0,False,False,A
2911,74,Male,1174,False,0.8716831865989529,1.1374673677159468,2.580408163265306,False,False,A
2912,71,Female,1174,False,0.9459968368130852,0.9718208388983882,2.3722448979591833,False,False,A
2913,29,Male,1174,False,0.9371239522121362,1.0861902482236694,1.0,False,False,A
2914,32,Female,1174,False,0.9126521305870456,1.076829339283517,1.0032653061224488,False,False,A
2915,22,Female,1175,False,0.9916614532605821,0.9847092970082459,1.0,False,False,B
2916,13,Female,1175,False,0.9579388712920405,1.0929890825544157,1.0,False,False,B
2917,28,Male,1175,False,0.9146501258405059,0.9302194818084032,1.0,False,False,B
2918,77,Male,1175,False,0.834648430393637,0.8481061106439995,2.8032653061224484,False,False,B
2919,12,Female,1176,False,0.9095332770744662,0.9541300515245592,1.0,False,False,A
2920,21,Female,1176,False,0.980185353837151,0.9364479018873074,1.0,False,False,A
2921,54,Male,1177,False,0.948810369544193,1.025565008077698,1.470204081632653,False,False,A
2922,61,Female,1177,False,1.1481978421398464,0.9711597199184043,1.784489795918367,False,False,A
2923,25,Male,1178,False,1.0214101662628448,0.899808536686616,1.0,False,False,A
2924,71,Male,1178,False,0.993641930262996,1.0193218689707708,2.3722448979591833,False,False,A
2925,73,Female,1178,False,1.0116375004272788,0.9142976595890204,2.5093877551020407,False,False,A
2926,61,Male,1178,False,0.9530800471533317,1.1507633027630721,1.784489795918367,False,False,A
2927,13,Female,1178,False,1.0427992792390994,0.9086909806405722,1.0,False,False,A
2928,53,Male,1179,False,1.0437066155203831,0.9872400773882188,1.4318367346938774,False,False,A
2929,67,Female,1179,False,0.9150197980702983,0.9987535022014893,2.117551020408163,False,False,A
2930,27,Male,1180,False,0.9015012598881383,0.8259951410323276,1.0,False,False,A
2931,31,Female,1180,False,0.9442612941613677,1.091339081224317,1.000816326530612,False,False,A
2932,48,Male,1181,False,0.9840997599076748,0.9886029648824027,1.2644897959183672,False,False,B
2933,49,Female,1181,False,0.9072235743508394,1.1530048335400709,1.29469387755102,False,False,B
2934,34,Male,1181,False,1.0854840478938341,0.957537162363957,1.0130612244897956,False,False,B
2935,18,Female,1181,False,0.9289320326307308,0.8505841145649284,1.0,False,False,B
2936,32,Female,1182,False,1.048943489605821,1.0545486038888103,1.0032653061224488,False,False,B
2937,23,Male,1182,False,1.098042129441632,0.9530284932938876,1.0,False,False,B
2938,29,Female,1183,False,0.9852497618269689,0.8523892125540051,1.0,False,False,B
2939,11,Male,1183,False,0.9890207718518663,0.9743165779273862,1.0,False,False,B
2940,90,Male,1184,False,0.9448208157831044,0.9872116976006218,3.9387755102040813,False,False,B
2941,45,Female,1184,False,1.0452703806184949,1.0022224033445668,1.1836734693877549,False,False,B
2942,35,Male,1185,False,1.1208333609659764,1.1078577859495071,1.020408163265306,False,False,A
2943,19,Female,1185,False,1.1499525677924076,1.0235322372771951,1.0,False,False,A
2944,56,Male,1186,False,0.8919438951998175,0.8553714421615495,1.5518367346938775,False,False,B
2945,57,Female,1187,False,0.8509855630943625,1.0557517163943941,1.5951020408163266,False,False,B
2946,60,Male,1188,False,1.106357888201053,0.8418326071266751,1.7346938775510203,False,False,B
2947,24,Female,1188,False,1.0381672632166112,0.9718028052751758,1.0,False,False,B
2948,52,Female,1189,False,1.0401428881189565,1.0344052694582455,1.3951020408163264,False,False,B
2949,12,Male,1189,False,0.9768483034252438,1.1484923630402175,1.0,False,False,B
2950,30,Male,1189,False,0.9619389428849628,0.8960675406623501,1.0,False,False,B
2951,7,Male,1189,False,1.0912159504634376,1.1053556638342337,1.0,False,False,B
2952,42,Male,1190,False,0.8472747054546873,0.8723110841626287,1.117551020408163,False,False,B
2953,41,Female,1190,False,0.9456632545594271,1.1240540160685033,1.0987755102040815,False,False,B
2954,32,Female,1190,False,1.0395646852525589,0.9370408840498401,1.0032653061224488,False,False,B
2955,31,Female,1191,False,1.0472798501969989,0.8837417802126559,1.000816326530612,False,False,A
2956,32,Female,1191,False,0.8875379152278747,0.8648043476262011,1.0032653061224488,False,False,A
2957,29,Female,1191,False,0.8614819533979626,0.8700967957220686,1.0,False,False,A
2958,26,Male,1191,False,0.9418414152932443,1.0246317160186145,1.0,False,False,A
2959,71,Female,1192,False,0.9213379332254001,0.9965142813846408,2.3722448979591833,False,False,A
2960,55,Male,1192,False,0.8907880664042354,1.020587554139464,1.510204081632653,False,False,A
2961,66,Male,1193,False,1.0755704221148938,1.0798901985920115,2.057959183673469,False,False,B
2962,90,Female,1193,False,0.9983286674964073,0.971458670202693,3.9387755102040813,False,False,B
2963,28,Male,1193,False,0.8329844705499158,0.9965938911847845,1.0,False,False,B
2964,41,Female,1193,False,1.0489085257524977,1.0732407684256662,1.0987755102040815,False,False,B
2965,46,Male,1194,False,1.0605168613357767,0.9602198074445869,1.2089795918367343,False,False,B
2966,50,Female,1194,False,0.9935627243670554,0.9706705500625986,1.3265306122448979,False,False,B
2967,60,Female,1194,False,0.8492788407880253,1.0944830186625119,1.7346938775510203,False,False,B
2968,16,Male,1195,False,0.9369345044303854,1.0522540454978047,1.0,False,False,A
2969,28,Male,1195,False,0.9763708434238866,0.8828394392271524,1.0,False,False,A
2970,59,Male,1196,False,0.9811540305319152,0.9751548526600009,1.6865306122448978,False,False,A
2971,20,Female,1196,False,1.0021641584721062,0.9610797464043126,1.0,False,False,A
2972,33,Male,1196,False,0.9694514498938678,0.9682842171753031,1.00734693877551,False,False,A
2973,72,Female,1197,False,0.9710960670936956,1.059698342198121,2.4399999999999995,False,False,B
2974,45,Male,1197,False,1.1589616774314528,0.97488430304663,1.1836734693877549,False,False,B
2975,16,Male,1197,False,1.0097422977987993,0.9719691086027646,1.0,False,False,B
2976,37,Female,1198,False,1.0072289987236314,1.1228391296088034,1.0399999999999998,False,False,A
2977,58,Female,1198,False,0.962217501328861,0.8675944617671019,1.6399999999999997,False,False,A
2978,38,Male,1199,False,1.0239767164074542,0.9128250840168366,1.0522448979591836,False,False,A
2979,39,Female,1199,False,1.074846378986153,1.1655842051003238,1.0661224489795915,False,False,A
2980,33,Male,1200,False,1.0513352745740852,1.0619722182836222,1.00734693877551,False,False,B
2981,47,Female,1200,False,0.8868024563640913,0.9899093686092032,1.2359183673469387,False,False,B
2982,26,Female,1201,False,1.0766305082435919,1.039693470388893,1.0,False,False,A
2983,39,Male,1202,False,0.9903977324277196,0.9966213285920021,1.0661224489795915,False,False,A
2984,84,Male,1202,False,0.8959500327223449,1.1202729647356815,3.3804081632653054,False,False,A
2985,38,Female,1203,False,0.9935526468392293,0.8375806570939837,1.0522448979591836,False,False,B
2986,84,Female,1203,False,0.9827865924431348,1.0809421502799403,3.3804081632653054,False,False,B
2987,24,Male,1204,False,0.9143413737298096,1.1685848587557777,1.0,False,False,B
2988,15,Female,1205,False,1.1337825383063607,1.0691187322973146,1.0,False,False,A
2989,22,Male,1205,False,1.0868755061363615,0.961846478892882,1.0,False,False,A
2990,40,Female,1206,False,1.0399447466733667,0.8656719358053871,1.0816326530612244,False,False,A
2991,12,Female,1206,False,1.081163021108015,1.0827128984154044,1.0,False,False,A
2992,46,Male,1207,False,1.0950323705429856,1.092408869932213,1.2089795918367343,False,False,A
2993,51,Female,1208,False,0.937840173073364,0.901688321853785,1.3599999999999999,False,False,A
2994,22,Male,1208,False,0.9974169219004421,1.0898698480596773,1.0,False,False,A
2995,47,Male,1209,False,1.0461615554520278,0.9319995849782322,1.2359183673469387,False,False,A
2996,21,Male,1209,False,0.9704172504904037,1.072619325974226,1.0,False,False,A
2997,13,Male,1209,False,1.0380320649193284,1.0855735759645757,1.0,False,False,A
2998,67,Male,1210,False,1.0154439199612826,0.9190753597681101,2.117551020408163,False,False,A
2999,86,Female,1211,False,1.0380176156135599,0.9959306011198825,3.5599999999999996,False,False,B
